200
1 2
2 3
2 4
1 5
2 6
2 7
2 8
2 9
2 10
1 11
1 12
1 13
1 14
1 15
2 16
1 17
1 18
2 19
1 20
2 21
1 22
2 23
1 24
2 25
2 26
2 27
2 28
2 29
1 30
2 31
2 32
2 33
2 34
1 35
2 36
2 37
2 38
1 39
1 40
2 41
2 42
2 43
2 44
2 45
2 46
1 47
2 48
2 49
1 50
2 51
1 52
2 53
2 54
2 55
2 56
2 57
2 58
2 59
1 60
1 61
2 62
2 63
2 64
1 65
2 66
1 67
1 68
1 69
1 70
2 71
2 72
1 73
2 74
1 75
1 76
2 77
1 78
1 79
2 80
1 81
1 82
1 83
1 84
2 85
2 86
1 87
1 88
1 89
2 90
2 91
2 92
1 93
2 94
1 95
2 96
2 97
1 98
2 99
2 100
2 101
2 102
2 103
1 104
1 105
1 106
2 107
2 108
1 109
2 110
1 111
2 112
1 113
2 114
1 115
1 116
1 117
2 118
1 119
2 120
1 121
1 122
2 123
1 124
1 125
2 126
1 127
2 128
1 129
1 130
1 131
2 132
2 133
1 134
1 135
1 136
2 137
2 138
1 139
2 140
1 141
1 142
1 143
1 144
1 145
1 146
1 147
2 148
1 149
1 150
2 151
2 152
1 153
2 154
1 155
1 156
2 157
1 158
2 159
1 160
1 161
2 162
2 163
1 164
2 165
1 166
1 167
2 168
2 169
1 170
1 171
1 172
2 173
1 174
1 175
2 176
2 177
2 178
1 179
1 180
2 181
1 182
1 183
2 184
2 185
1 186
2 187
1 188
2 189
1 190
2 191
2 192
1 193
2 194
1 195
2 196
2 197
1 198
2 199
2 200
12
1 2
2 3
1 4
1 5
2 6
1 7
2 8
1 9
1 10
1 11
2 12
