1500
1 2
1 3
3 4
3 5
3 6
1 7
2 8
3 9
1 10
1 11
3 12
1 13
2 14
3 15
2 16
3 17
1 18
1 19
3 20
2 21
2 22
3 23
2 24
3 25
3 26
1 27
3 28
2 29
3 30
2 31
3 32
3 33
1 34
3 35
3 36
3 37
1 38
1 39
2 40
3 41
3 42
2 43
2 44
2 45
2 46
1 47
3 48
2 49
1 50
1 51
1 52
2 53
3 54
2 55
3 56
1 57
3 58
2 59
1 60
1 61
1 62
2 63
1 64
1 65
2 66
2 67
3 68
2 69
1 70
2 71
3 72
3 73
1 74
3 75
1 76
3 77
2 78
3 79
3 80
2 81
1 82
2 83
3 84
1 85
3 86
1 87
2 88
2 89
3 90
2 91
3 92
2 93
3 94
1 95
3 96
1 97
1 98
3 99
1 100
3 101
2 102
3 103
2 104
1 105
1 106
2 107
2 108
1 109
3 110
1 111
2 112
1 113
3 114
2 115
2 116
1 117
2 118
3 119
3 120
1 121
2 122
1 123
3 124
2 125
3 126
1 127
1 128
2 129
3 130
1 131
2 132
2 133
1 134
1 135
1 136
2 137
3 138
2 139
2 140
2 141
1 142
2 143
3 144
2 145
2 146
1 147
2 148
3 149
2 150
1 151
2 152
3 153
1 154
1 155
1 156
1 157
2 158
3 159
1 160
1 161
1 162
2 163
2 164
3 165
3 166
3 167
3 168
3 169
3 170
1 171
3 172
3 173
2 174
2 175
1 176
3 177
1 178
1 179
2 180
1 181
1 182
1 183
3 184
3 185
1 186
3 187
2 188
1 189
3 190
1 191
2 192
3 193
1 194
3 195
3 196
2 197
1 198
2 199
3 200
2 201
2 202
2 203
3 204
3 205
1 206
3 207
3 208
2 209
2 210
2 211
1 212
2 213
3 214
2 215
2 216
2 217
1 218
1 219
2 220
2 221
3 222
1 223
2 224
3 225
2 226
2 227
2 228
2 229
3 230
1 231
2 232
2 233
3 234
2 235
3 236
3 237
1 238
2 239
1 240
3 241
3 242
2 243
2 244
2 245
3 246
2 247
1 248
2 249
2 250
3 251
3 252
2 253
3 254
2 255
1 256
3 257
3 258
1 259
1 260
1 261
2 262
3 263
3 264
3 265
1 266
3 267
1 268
2 269
1 270
2 271
2 272
2 273
1 274
1 275
2 276
3 277
3 278
3 279
1 280
1 281
3 282
3 283
3 284
2 285
3 286
3 287
1 288
1 289
1 290
1 291
2 292
2 293
1 294
1 295
3 296
1 297
1 298
2 299
3 300
2 301
2 302
1 303
3 304
2 305
1 306
1 307
1 308
2 309
3 310
1 311
2 312
2 313
3 314
1 315
2 316
1 317
2 318
2 319
2 320
2 321
2 322
3 323
3 324
3 325
1 326
3 327
2 328
3 329
1 330
3 331
2 332
1 333
3 334
2 335
1 336
2 337
1 338
2 339
2 340
2 341
3 342
2 343
1 344
3 345
3 346
1 347
3 348
3 349
3 350
2 351
3 352
3 353
1 354
2 355
1 356
2 357
1 358
3 359
2 360
1 361
1 362
2 363
1 364
1 365
3 366
1 367
1 368
1 369
1 370
2 371
1 372
2 373
3 374
3 375
1 376
2 377
1 378
2 379
1 380
2 381
3 382
3 383
2 384
1 385
1 386
3 387
2 388
2 389
2 390
3 391
2 392
1 393
3 394
3 395
3 396
3 397
1 398
1 399
3 400
2 401
1 402
3 403
2 404
3 405
1 406
3 407
3 408
1 409
3 410
2 411
3 412
1 413
3 414
3 415
2 416
3 417
1 418
3 419
3 420
2 421
2 422
2 423
1 424
2 425
2 426
3 427
3 428
2 429
1 430
2 431
1 432
3 433
2 434
3 435
2 436
3 437
2 438
1 439
1 440
3 441
1 442
1 443
2 444
2 445
2 446
3 447
1 448
3 449
2 450
3 451
3 452
2 453
2 454
1 455
3 456
1 457
1 458
1 459
1 460
2 461
1 462
2 463
2 464
1 465
2 466
1 467
3 468
3 469
3 470
1 471
1 472
1 473
1 474
2 475
2 476
3 477
1 478
2 479
1 480
2 481
3 482
2 483
1 484
3 485
1 486
1 487
1 488
3 489
1 490
2 491
1 492
2 493
3 494
2 495
3 496
2 497
1 498
1 499
1 500
3 501
3 502
1 503
1 504
2 505
1 506
1 507
3 508
3 509
3 510
1 511
2 512
2 513
2 514
2 515
3 516
3 517
1 518
3 519
1 520
2 521
3 522
2 523
3 524
3 525
1 526
2 527
1 528
3 529
3 530
1 531
3 532
2 533
3 534
2 535
1 536
3 537
3 538
1 539
3 540
2 541
2 542
1 543
3 544
1 545
2 546
3 547
3 548
3 549
3 550
1 551
3 552
3 553
1 554
3 555
3 556
3 557
1 558
3 559
2 560
3 561
2 562
1 563
3 564
2 565
3 566
1 567
2 568
1 569
1 570
1 571
1 572
2 573
1 574
1 575
1 576
2 577
2 578
1 579
2 580
3 581
1 582
3 583
3 584
2 585
1 586
3 587
2 588
1 589
1 590
3 591
3 592
2 593
2 594
2 595
3 596
2 597
3 598
2 599
2 600
1 601
1 602
3 603
3 604
1 605
1 606
2 607
1 608
2 609
1 610
2 611
1 612
2 613
1 614
3 615
1 616
2 617
1 618
2 619
1 620
3 621
1 622
1 623
3 624
3 625
3 626
3 627
3 628
2 629
2 630
2 631
1 632
1 633
3 634
1 635
3 636
1 637
1 638
2 639
1 640
1 641
2 642
3 643
2 644
3 645
3 646
2 647
1 648
3 649
3 650
2 651
3 652
1 653
2 654
1 655
2 656
3 657
2 658
1 659
2 660
3 661
2 662
1 663
1 664
1 665
2 666
1 667
1 668
1 669
1 670
1 671
1 672
2 673
2 674
2 675
3 676
2 677
1 678
3 679
3 680
3 681
2 682
2 683
1 684
1 685
2 686
3 687
3 688
3 689
3 690
2 691
2 692
2 693
1 694
3 695
2 696
3 697
1 698
3 699
3 700
1 701
2 702
3 703
2 704
2 705
2 706
1 707
2 708
1 709
2 710
2 711
2 712
1 713
1 714
2 715
2 716
1 717
1 718
2 719
2 720
3 721
1 722
2 723
3 724
3 725
2 726
2 727
1 728
1 729
3 730
3 731
2 732
1 733
3 734
2 735
3 736
1 737
3 738
1 739
1 740
2 741
3 742
3 743
2 744
1 745
3 746
2 747
2 748
3 749
2 750
1 751
1 752
3 753
2 754
1 755
3 756
2 757
3 758
2 759
3 760
3 761
3 762
3 763
3 764
1 765
2 766
2 767
1 768
2 769
1 770
2 771
3 772
2 773
3 774
1 775
1 776
2 777
1 778
1 779
1 780
1 781
1 782
3 783
2 784
3 785
1 786
1 787
1 788
3 789
3 790
1 791
3 792
2 793
3 794
1 795
2 796
2 797
2 798
1 799
2 800
3 801
1 802
3 803
1 804
1 805
2 806
1 807
2 808
1 809
3 810
2 811
2 812
2 813
1 814
2 815
1 816
3 817
2 818
3 819
2 820
3 821
2 822
3 823
1 824
3 825
1 826
1 827
3 828
2 829
1 830
2 831
3 832
1 833
1 834
3 835
2 836
2 837
1 838
1 839
3 840
2 841
1 842
2 843
1 844
1 845
1 846
2 847
1 848
3 849
1 850
3 851
3 852
3 853
1 854
3 855
1 856
2 857
3 858
3 859
2 860
1 861
3 862
2 863
1 864
3 865
1 866
3 867
1 868
2 869
1 870
1 871
1 872
2 873
2 874
1 875
1 876
2 877
1 878
3 879
3 880
3 881
1 882
3 883
2 884
1 885
3 886
3 887
3 888
3 889
1 890
3 891
2 892
1 893
1 894
1 895
3 896
3 897
2 898
1 899
1 900
1 901
1 902
2 903
1 904
3 905
3 906
2 907
2 908
1 909
2 910
1 911
3 912
1 913
3 914
3 915
1 916
3 917
2 918
1 919
3 920
3 921
2 922
1 923
1 924
2 925
2 926
2 927
1 928
3 929
3 930
2 931
3 932
1 933
1 934
1 935
2 936
3 937
1 938
1 939
2 940
1 941
2 942
3 943
1 944
3 945
2 946
2 947
2 948
2 949
1 950
1 951
2 952
3 953
1 954
2 955
2 956
1 957
2 958
1 959
1 960
1 961
1 962
3 963
1 964
1 965
1 966
1 967
1 968
2 969
2 970
1 971
2 972
2 973
2 974
1 975
1 976
1 977
1 978
1 979
1 980
1 981
2 982
3 983
3 984
1 985
3 986
2 987
2 988
1 989
2 990
1 991
2 992
1 993
1 994
3 995
1 996
3 997
1 998
1 999
3 1000
1 1001
1 1002
1 1003
2 1004
2 1005
1 1006
1 1007
3 1008
3 1009
1 1010
1 1011
3 1012
2 1013
1 1014
2 1015
3 1016
1 1017
1 1018
2 1019
3 1020
3 1021
1 1022
2 1023
3 1024
2 1025
2 1026
2 1027
1 1028
3 1029
3 1030
2 1031
2 1032
2 1033
3 1034
3 1035
3 1036
3 1037
2 1038
2 1039
2 1040
1 1041
3 1042
2 1043
1 1044
2 1045
2 1046
1 1047
3 1048
2 1049
2 1050
3 1051
3 1052
2 1053
1 1054
1 1055
2 1056
3 1057
3 1058
3 1059
3 1060
3 1061
1 1062
1 1063
1 1064
1 1065
1 1066
2 1067
3 1068
3 1069
2 1070
3 1071
1 1072
2 1073
2 1074
1 1075
2 1076
2 1077
3 1078
3 1079
3 1080
1 1081
1 1082
2 1083
3 1084
2 1085
3 1086
1 1087
1 1088
3 1089
1 1090
3 1091
3 1092
2 1093
2 1094
3 1095
2 1096
1 1097
3 1098
1 1099
3 1100
1 1101
2 1102
1 1103
2 1104
3 1105
2 1106
2 1107
2 1108
3 1109
2 1110
1 1111
1 1112
2 1113
1 1114
3 1115
2 1116
3 1117
1 1118
3 1119
3 1120
3 1121
1 1122
2 1123
2 1124
1 1125
2 1126
3 1127
3 1128
1 1129
2 1130
2 1131
1 1132
1 1133
3 1134
1 1135
1 1136
2 1137
1 1138
1 1139
2 1140
1 1141
3 1142
3 1143
2 1144
1 1145
1 1146
3 1147
3 1148
1 1149
3 1150
1 1151
2 1152
1 1153
2 1154
2 1155
3 1156
2 1157
3 1158
2 1159
2 1160
1 1161
3 1162
1 1163
2 1164
3 1165
2 1166
1 1167
1 1168
2 1169
3 1170
1 1171
3 1172
3 1173
3 1174
1 1175
2 1176
1 1177
2 1178
1 1179
1 1180
3 1181
1 1182
1 1183
3 1184
1 1185
2 1186
3 1187
2 1188
1 1189
1 1190
2 1191
3 1192
1 1193
2 1194
1 1195
2 1196
3 1197
1 1198
3 1199
3 1200
3 1201
3 1202
3 1203
3 1204
2 1205
1 1206
1 1207
3 1208
3 1209
1 1210
3 1211
1 1212
1 1213
3 1214
2 1215
1 1216
2 1217
1 1218
2 1219
3 1220
2 1221
3 1222
3 1223
3 1224
2 1225
2 1226
1 1227
3 1228
2 1229
1 1230
1 1231
1 1232
1 1233
2 1234
3 1235
3 1236
1 1237
3 1238
2 1239
3 1240
2 1241
2 1242
3 1243
1 1244
2 1245
3 1246
1 1247
1 1248
1 1249
3 1250
2 1251
2 1252
2 1253
1 1254
1 1255
3 1256
1 1257
1 1258
3 1259
3 1260
1 1261
1 1262
1 1263
3 1264
1 1265
2 1266
3 1267
2 1268
2 1269
2 1270
2 1271
3 1272
3 1273
1 1274
2 1275
3 1276
3 1277
3 1278
1 1279
1 1280
3 1281
3 1282
1 1283
2 1284
1 1285
2 1286
1 1287
1 1288
1 1289
1 1290
3 1291
3 1292
1 1293
1 1294
3 1295
2 1296
2 1297
3 1298
1 1299
2 1300
3 1301
3 1302
1 1303
1 1304
1 1305
2 1306
1 1307
2 1308
3 1309
1 1310
3 1311
2 1312
2 1313
1 1314
1 1315
2 1316
3 1317
2 1318
1 1319
3 1320
3 1321
3 1322
1 1323
1 1324
3 1325
2 1326
3 1327
1 1328
1 1329
1 1330
3 1331
2 1332
2 1333
1 1334
3 1335
3 1336
1 1337
1 1338
2 1339
1 1340
3 1341
1 1342
3 1343
2 1344
1 1345
1 1346
3 1347
3 1348
3 1349
1 1350
3 1351
3 1352
2 1353
3 1354
3 1355
1 1356
1 1357
2 1358
1 1359
3 1360
1 1361
3 1362
1 1363
2 1364
1 1365
1 1366
2 1367
3 1368
2 1369
2 1370
1 1371
1 1372
3 1373
1 1374
2 1375
3 1376
2 1377
1 1378
3 1379
3 1380
2 1381
2 1382
1 1383
3 1384
2 1385
1 1386
2 1387
1 1388
2 1389
3 1390
1 1391
3 1392
3 1393
2 1394
3 1395
2 1396
2 1397
2 1398
1 1399
3 1400
3 1401
1 1402
2 1403
3 1404
2 1405
3 1406
3 1407
2 1408
2 1409
2 1410
2 1411
3 1412
3 1413
3 1414
2 1415
1 1416
3 1417
3 1418
2 1419
3 1420
3 1421
1 1422
1 1423
3 1424
1 1425
3 1426
3 1427
1 1428
3 1429
3 1430
1 1431
2 1432
1 1433
3 1434
2 1435
3 1436
2 1437
2 1438
3 1439
2 1440
2 1441
3 1442
1 1443
1 1444
3 1445
3 1446
2 1447
3 1448
1 1449
1 1450
2 1451
1 1452
2 1453
3 1454
3 1455
1 1456
1 1457
2 1458
3 1459
1 1460
2 1461
1 1462
2 1463
1 1464
3 1465
3 1466
3 1467
2 1468
1 1469
1 1470
1 1471
3 1472
2 1473
3 1474
1 1475
1 1476
3 1477
2 1478
3 1479
3 1480
1 1481
1 1482
3 1483
1 1484
3 1485
3 1486
1 1487
1 1488
2 1489
2 1490
2 1491
1 1492
3 1493
3 1494
3 1495
1 1496
2 1497
2 1498
3 1499
1 1500
12
1 2
2 3
1 4
1 5
2 6
2 7
2 8
1 9
1 10
2 11
2 12
