2000
1 2
2 3
3 4
1 5
4 6
4 7
3 8
4 9
5 10
3 11
2 12
2 13
3 14
2 15
5 16
5 17
5 18
5 19
3 20
5 21
2 22
5 23
3 24
3 25
4 26
3 27
3 28
3 29
5 30
4 31
2 32
3 33
4 34
5 35
4 36
5 37
4 38
3 39
5 40
4 41
4 42
1 43
2 44
2 45
2 46
4 47
4 48
1 49
1 50
2 51
3 52
3 53
4 54
5 55
4 56
2 57
1 58
3 59
1 60
5 61
2 62
5 63
1 64
1 65
1 66
5 67
3 68
1 69
1 70
5 71
5 72
5 73
5 74
2 75
4 76
2 77
5 78
3 79
4 80
1 81
4 82
3 83
5 84
4 85
5 86
1 87
5 88
4 89
4 90
1 91
5 92
2 93
4 94
1 95
5 96
4 97
1 98
5 99
4 100
5 101
2 102
3 103
2 104
2 105
1 106
5 107
1 108
4 109
2 110
3 111
3 112
1 113
3 114
2 115
5 116
4 117
4 118
5 119
4 120
4 121
3 122
1 123
4 124
2 125
1 126
4 127
3 128
5 129
5 130
3 131
5 132
2 133
4 134
1 135
5 136
4 137
5 138
3 139
3 140
4 141
5 142
3 143
3 144
4 145
1 146
3 147
1 148
5 149
4 150
3 151
3 152
2 153
5 154
1 155
4 156
3 157
3 158
4 159
4 160
4 161
1 162
1 163
5 164
3 165
1 166
1 167
1 168
4 169
4 170
1 171
4 172
4 173
1 174
3 175
5 176
1 177
5 178
4 179
5 180
2 181
3 182
2 183
4 184
1 185
5 186
5 187
4 188
4 189
1 190
1 191
3 192
5 193
2 194
2 195
4 196
4 197
2 198
4 199
2 200
2 201
3 202
2 203
3 204
2 205
4 206
3 207
5 208
3 209
5 210
3 211
3 212
5 213
3 214
2 215
4 216
2 217
2 218
3 219
1 220
1 221
4 222
2 223
4 224
2 225
1 226
5 227
2 228
5 229
4 230
2 231
3 232
4 233
2 234
3 235
1 236
3 237
5 238
3 239
3 240
4 241
3 242
3 243
5 244
1 245
3 246
1 247
1 248
5 249
2 250
2 251
3 252
2 253
1 254
2 255
3 256
4 257
2 258
3 259
2 260
1 261
1 262
3 263
4 264
2 265
2 266
1 267
2 268
5 269
3 270
2 271
4 272
3 273
4 274
4 275
1 276
2 277
4 278
2 279
5 280
4 281
4 282
5 283
5 284
4 285
5 286
3 287
5 288
4 289
2 290
3 291
2 292
2 293
3 294
2 295
2 296
4 297
1 298
5 299
4 300
1 301
1 302
3 303
3 304
3 305
3 306
3 307
3 308
5 309
5 310
1 311
4 312
5 313
2 314
4 315
1 316
1 317
4 318
4 319
3 320
2 321
2 322
2 323
2 324
3 325
2 326
2 327
5 328
4 329
5 330
2 331
1 332
4 333
5 334
4 335
2 336
2 337
2 338
4 339
3 340
3 341
4 342
2 343
3 344
1 345
3 346
4 347
5 348
3 349
3 350
4 351
3 352
3 353
3 354
1 355
3 356
5 357
2 358
4 359
4 360
2 361
3 362
3 363
5 364
4 365
3 366
5 367
1 368
1 369
5 370
2 371
5 372
3 373
3 374
1 375
1 376
4 377
3 378
3 379
5 380
4 381
3 382
1 383
2 384
3 385
4 386
2 387
2 388
2 389
2 390
1 391
1 392
5 393
4 394
4 395
2 396
3 397
1 398
2 399
4 400
2 401
1 402
3 403
5 404
5 405
4 406
1 407
5 408
2 409
2 410
1 411
3 412
2 413
2 414
2 415
1 416
2 417
4 418
5 419
2 420
4 421
5 422
1 423
5 424
5 425
1 426
2 427
1 428
5 429
2 430
4 431
4 432
1 433
3 434
2 435
3 436
5 437
4 438
1 439
2 440
3 441
1 442
1 443
4 444
4 445
2 446
2 447
3 448
2 449
5 450
1 451
3 452
5 453
5 454
5 455
4 456
1 457
1 458
5 459
1 460
4 461
2 462
4 463
2 464
5 465
1 466
4 467
5 468
5 469
3 470
4 471
2 472
5 473
1 474
2 475
4 476
1 477
1 478
3 479
5 480
4 481
2 482
3 483
3 484
5 485
1 486
3 487
5 488
3 489
5 490
1 491
2 492
2 493
4 494
2 495
2 496
4 497
3 498
2 499
2 500
3 501
3 502
2 503
4 504
5 505
5 506
3 507
4 508
4 509
1 510
5 511
4 512
2 513
3 514
5 515
1 516
4 517
5 518
4 519
5 520
1 521
4 522
4 523
5 524
2 525
2 526
3 527
2 528
1 529
4 530
5 531
2 532
5 533
2 534
1 535
3 536
1 537
4 538
3 539
4 540
1 541
2 542
5 543
4 544
3 545
1 546
4 547
2 548
2 549
3 550
4 551
4 552
2 553
2 554
2 555
5 556
4 557
2 558
3 559
2 560
1 561
5 562
2 563
5 564
5 565
5 566
1 567
2 568
5 569
2 570
2 571
5 572
1 573
2 574
3 575
1 576
2 577
3 578
1 579
5 580
2 581
4 582
2 583
1 584
5 585
3 586
5 587
2 588
4 589
2 590
1 591
2 592
3 593
4 594
1 595
1 596
1 597
3 598
4 599
4 600
3 601
2 602
5 603
4 604
3 605
4 606
5 607
1 608
4 609
4 610
2 611
5 612
3 613
5 614
1 615
1 616
4 617
5 618
3 619
2 620
4 621
5 622
1 623
2 624
1 625
2 626
2 627
4 628
4 629
2 630
3 631
4 632
4 633
2 634
4 635
1 636
2 637
3 638
2 639
3 640
3 641
3 642
5 643
3 644
4 645
1 646
2 647
1 648
1 649
1 650
2 651
1 652
3 653
4 654
3 655
3 656
3 657
2 658
4 659
5 660
5 661
5 662
5 663
5 664
3 665
2 666
4 667
5 668
4 669
1 670
1 671
2 672
4 673
3 674
4 675
3 676
2 677
3 678
2 679
3 680
2 681
3 682
5 683
1 684
4 685
1 686
5 687
3 688
3 689
2 690
5 691
4 692
4 693
3 694
4 695
1 696
4 697
5 698
4 699
3 700
4 701
5 702
4 703
2 704
5 705
5 706
1 707
1 708
3 709
4 710
2 711
4 712
1 713
2 714
1 715
4 716
1 717
5 718
2 719
1 720
4 721
5 722
3 723
4 724
5 725
5 726
1 727
5 728
1 729
2 730
5 731
1 732
4 733
1 734
2 735
5 736
3 737
5 738
1 739
2 740
1 741
3 742
3 743
2 744
2 745
2 746
4 747
1 748
2 749
1 750
5 751
5 752
5 753
2 754
3 755
3 756
4 757
4 758
2 759
2 760
3 761
3 762
3 763
5 764
5 765
3 766
4 767
4 768
3 769
3 770
4 771
3 772
2 773
2 774
1 775
3 776
5 777
2 778
2 779
2 780
1 781
2 782
5 783
5 784
2 785
4 786
5 787
2 788
5 789
1 790
3 791
2 792
4 793
1 794
2 795
5 796
1 797
5 798
4 799
2 800
2 801
2 802
5 803
1 804
2 805
4 806
5 807
4 808
4 809
1 810
2 811
2 812
5 813
3 814
2 815
3 816
5 817
5 818
4 819
4 820
4 821
4 822
1 823
5 824
3 825
5 826
5 827
4 828
3 829
3 830
5 831
1 832
1 833
2 834
2 835
1 836
1 837
2 838
4 839
5 840
2 841
3 842
5 843
5 844
5 845
3 846
5 847
4 848
2 849
5 850
3 851
3 852
4 853
1 854
3 855
2 856
1 857
5 858
2 859
4 860
4 861
3 862
3 863
5 864
3 865
4 866
3 867
3 868
5 869
1 870
2 871
4 872
3 873
4 874
5 875
3 876
4 877
3 878
3 879
2 880
1 881
1 882
4 883
3 884
3 885
3 886
4 887
5 888
2 889
1 890
1 891
3 892
4 893
5 894
3 895
5 896
1 897
3 898
1 899
3 900
5 901
4 902
3 903
2 904
2 905
1 906
3 907
3 908
3 909
1 910
2 911
4 912
5 913
1 914
1 915
5 916
2 917
3 918
2 919
5 920
2 921
1 922
3 923
2 924
2 925
1 926
4 927
4 928
2 929
3 930
1 931
3 932
2 933
4 934
5 935
4 936
4 937
4 938
1 939
3 940
5 941
5 942
4 943
3 944
4 945
1 946
4 947
3 948
4 949
2 950
2 951
2 952
4 953
3 954
2 955
3 956
2 957
4 958
3 959
1 960
5 961
2 962
5 963
3 964
2 965
2 966
3 967
4 968
4 969
4 970
5 971
1 972
5 973
1 974
5 975
4 976
3 977
3 978
4 979
2 980
5 981
1 982
4 983
2 984
5 985
5 986
1 987
3 988
1 989
1 990
2 991
5 992
5 993
2 994
4 995
5 996
3 997
4 998
4 999
4 1000
3 1001
3 1002
3 1003
5 1004
4 1005
1 1006
2 1007
1 1008
5 1009
4 1010
1 1011
3 1012
4 1013
1 1014
2 1015
2 1016
5 1017
5 1018
5 1019
5 1020
5 1021
5 1022
3 1023
5 1024
3 1025
2 1026
3 1027
4 1028
2 1029
4 1030
5 1031
4 1032
3 1033
1 1034
2 1035
1 1036
3 1037
2 1038
3 1039
3 1040
5 1041
1 1042
1 1043
5 1044
3 1045
4 1046
3 1047
3 1048
1 1049
3 1050
1 1051
2 1052
4 1053
2 1054
4 1055
4 1056
3 1057
5 1058
5 1059
5 1060
5 1061
5 1062
3 1063
5 1064
1 1065
1 1066
3 1067
3 1068
3 1069
3 1070
4 1071
1 1072
2 1073
1 1074
4 1075
3 1076
5 1077
2 1078
3 1079
5 1080
4 1081
4 1082
5 1083
4 1084
1 1085
4 1086
1 1087
4 1088
2 1089
5 1090
1 1091
4 1092
4 1093
4 1094
1 1095
2 1096
1 1097
1 1098
3 1099
5 1100
3 1101
2 1102
2 1103
3 1104
2 1105
5 1106
4 1107
1 1108
5 1109
2 1110
2 1111
3 1112
5 1113
3 1114
4 1115
1 1116
3 1117
3 1118
1 1119
2 1120
3 1121
2 1122
3 1123
1 1124
3 1125
2 1126
2 1127
1 1128
3 1129
5 1130
2 1131
4 1132
3 1133
3 1134
2 1135
5 1136
4 1137
2 1138
5 1139
1 1140
5 1141
2 1142
4 1143
4 1144
4 1145
1 1146
3 1147
5 1148
2 1149
2 1150
5 1151
3 1152
4 1153
4 1154
1 1155
4 1156
5 1157
4 1158
3 1159
3 1160
5 1161
1 1162
4 1163
3 1164
3 1165
3 1166
5 1167
1 1168
5 1169
3 1170
2 1171
4 1172
2 1173
2 1174
4 1175
2 1176
5 1177
1 1178
4 1179
2 1180
5 1181
3 1182
2 1183
2 1184
2 1185
4 1186
1 1187
1 1188
4 1189
5 1190
1 1191
4 1192
1 1193
2 1194
4 1195
3 1196
4 1197
4 1198
4 1199
3 1200
4 1201
1 1202
1 1203
4 1204
2 1205
2 1206
5 1207
5 1208
2 1209
2 1210
4 1211
2 1212
2 1213
2 1214
4 1215
1 1216
4 1217
2 1218
2 1219
5 1220
2 1221
5 1222
5 1223
2 1224
1 1225
4 1226
2 1227
2 1228
2 1229
4 1230
3 1231
4 1232
3 1233
5 1234
2 1235
3 1236
4 1237
4 1238
2 1239
5 1240
2 1241
4 1242
5 1243
3 1244
2 1245
5 1246
3 1247
3 1248
2 1249
1 1250
3 1251
4 1252
4 1253
1 1254
2 1255
3 1256
1 1257
3 1258
4 1259
1 1260
5 1261
5 1262
5 1263
3 1264
5 1265
1 1266
4 1267
1 1268
2 1269
5 1270
3 1271
2 1272
2 1273
2 1274
4 1275
2 1276
1 1277
5 1278
2 1279
1 1280
5 1281
5 1282
5 1283
2 1284
3 1285
4 1286
5 1287
3 1288
2 1289
3 1290
5 1291
3 1292
5 1293
4 1294
5 1295
4 1296
5 1297
3 1298
1 1299
4 1300
2 1301
4 1302
5 1303
4 1304
2 1305
3 1306
2 1307
2 1308
3 1309
2 1310
2 1311
4 1312
4 1313
5 1314
3 1315
3 1316
3 1317
5 1318
1 1319
2 1320
5 1321
3 1322
4 1323
4 1324
1 1325
2 1326
1 1327
1 1328
3 1329
4 1330
3 1331
1 1332
3 1333
4 1334
5 1335
2 1336
4 1337
4 1338
3 1339
5 1340
3 1341
2 1342
1 1343
1 1344
1 1345
4 1346
5 1347
2 1348
5 1349
4 1350
2 1351
2 1352
4 1353
2 1354
2 1355
5 1356
3 1357
2 1358
2 1359
2 1360
5 1361
5 1362
1 1363
5 1364
3 1365
2 1366
4 1367
3 1368
2 1369
5 1370
4 1371
5 1372
3 1373
4 1374
1 1375
4 1376
3 1377
1 1378
1 1379
2 1380
5 1381
5 1382
2 1383
3 1384
3 1385
1 1386
3 1387
5 1388
1 1389
4 1390
3 1391
1 1392
1 1393
3 1394
3 1395
3 1396
2 1397
2 1398
4 1399
1 1400
4 1401
1 1402
3 1403
2 1404
1 1405
5 1406
4 1407
2 1408
2 1409
4 1410
5 1411
4 1412
2 1413
4 1414
5 1415
2 1416
1 1417
3 1418
5 1419
5 1420
1 1421
3 1422
3 1423
3 1424
5 1425
1 1426
4 1427
1 1428
1 1429
1 1430
5 1431
5 1432
3 1433
4 1434
1 1435
5 1436
3 1437
3 1438
1 1439
1 1440
5 1441
4 1442
3 1443
1 1444
5 1445
2 1446
5 1447
3 1448
3 1449
4 1450
1 1451
1 1452
1 1453
5 1454
1 1455
2 1456
1 1457
2 1458
2 1459
5 1460
1 1461
4 1462
1 1463
4 1464
4 1465
3 1466
5 1467
1 1468
2 1469
5 1470
1 1471
3 1472
2 1473
1 1474
2 1475
5 1476
2 1477
4 1478
1 1479
3 1480
5 1481
1 1482
3 1483
5 1484
2 1485
2 1486
4 1487
5 1488
1 1489
2 1490
5 1491
1 1492
3 1493
3 1494
2 1495
1 1496
2 1497
2 1498
3 1499
1 1500
5 1501
5 1502
1 1503
1 1504
4 1505
2 1506
2 1507
4 1508
3 1509
4 1510
1 1511
3 1512
4 1513
1 1514
5 1515
2 1516
2 1517
5 1518
3 1519
4 1520
1 1521
3 1522
4 1523
3 1524
3 1525
2 1526
2 1527
4 1528
2 1529
5 1530
1 1531
2 1532
2 1533
4 1534
2 1535
5 1536
3 1537
2 1538
1 1539
2 1540
4 1541
5 1542
3 1543
1 1544
1 1545
5 1546
2 1547
2 1548
4 1549
1 1550
2 1551
3 1552
3 1553
1 1554
5 1555
5 1556
4 1557
4 1558
5 1559
4 1560
5 1561
1 1562
5 1563
2 1564
3 1565
4 1566
2 1567
4 1568
1 1569
2 1570
2 1571
2 1572
5 1573
3 1574
2 1575
5 1576
2 1577
1 1578
3 1579
1 1580
4 1581
1 1582
3 1583
5 1584
2 1585
4 1586
1 1587
5 1588
2 1589
4 1590
3 1591
1 1592
5 1593
3 1594
3 1595
3 1596
5 1597
4 1598
2 1599
3 1600
4 1601
4 1602
2 1603
1 1604
2 1605
5 1606
1 1607
4 1608
2 1609
1 1610
3 1611
4 1612
4 1613
1 1614
5 1615
3 1616
1 1617
1 1618
3 1619
4 1620
4 1621
3 1622
2 1623
4 1624
2 1625
3 1626
5 1627
2 1628
1 1629
1 1630
1 1631
2 1632
2 1633
3 1634
4 1635
2 1636
3 1637
1 1638
5 1639
5 1640
3 1641
3 1642
5 1643
5 1644
1 1645
4 1646
2 1647
2 1648
1 1649
3 1650
4 1651
2 1652
4 1653
2 1654
1 1655
3 1656
1 1657
4 1658
4 1659
4 1660
4 1661
2 1662
5 1663
4 1664
2 1665
1 1666
4 1667
5 1668
4 1669
2 1670
1 1671
3 1672
2 1673
1 1674
1 1675
5 1676
3 1677
5 1678
1 1679
1 1680
1 1681
1 1682
3 1683
3 1684
3 1685
3 1686
3 1687
3 1688
5 1689
5 1690
5 1691
2 1692
2 1693
3 1694
5 1695
4 1696
5 1697
3 1698
5 1699
4 1700
2 1701
1 1702
3 1703
3 1704
4 1705
5 1706
4 1707
4 1708
3 1709
4 1710
4 1711
1 1712
4 1713
2 1714
4 1715
1 1716
4 1717
3 1718
3 1719
2 1720
3 1721
3 1722
3 1723
3 1724
1 1725
4 1726
4 1727
3 1728
1 1729
2 1730
1 1731
1 1732
4 1733
3 1734
3 1735
4 1736
5 1737
1 1738
5 1739
5 1740
4 1741
2 1742
4 1743
1 1744
3 1745
3 1746
4 1747
4 1748
2 1749
1 1750
1 1751
5 1752
4 1753
3 1754
1 1755
3 1756
1 1757
3 1758
2 1759
3 1760
1 1761
3 1762
1 1763
4 1764
4 1765
5 1766
5 1767
1 1768
1 1769
5 1770
4 1771
3 1772
3 1773
1 1774
1 1775
4 1776
5 1777
2 1778
5 1779
5 1780
3 1781
5 1782
3 1783
4 1784
4 1785
5 1786
1 1787
3 1788
3 1789
5 1790
1 1791
5 1792
5 1793
2 1794
4 1795
3 1796
4 1797
3 1798
2 1799
1 1800
5 1801
3 1802
2 1803
4 1804
1 1805
4 1806
1 1807
2 1808
4 1809
4 1810
3 1811
2 1812
1 1813
2 1814
2 1815
4 1816
3 1817
5 1818
2 1819
5 1820
5 1821
5 1822
4 1823
4 1824
5 1825
4 1826
4 1827
2 1828
4 1829
3 1830
1 1831
2 1832
2 1833
3 1834
4 1835
1 1836
2 1837
1 1838
2 1839
1 1840
3 1841
5 1842
3 1843
1 1844
3 1845
4 1846
4 1847
5 1848
3 1849
1 1850
2 1851
1 1852
2 1853
1 1854
1 1855
2 1856
4 1857
1 1858
5 1859
5 1860
3 1861
4 1862
4 1863
5 1864
2 1865
5 1866
4 1867
1 1868
3 1869
2 1870
4 1871
5 1872
5 1873
4 1874
2 1875
2 1876
1 1877
4 1878
4 1879
4 1880
4 1881
1 1882
1 1883
4 1884
5 1885
4 1886
2 1887
3 1888
5 1889
1 1890
4 1891
1 1892
5 1893
2 1894
5 1895
2 1896
4 1897
5 1898
3 1899
1 1900
4 1901
3 1902
1 1903
2 1904
4 1905
3 1906
5 1907
3 1908
4 1909
4 1910
3 1911
3 1912
3 1913
3 1914
1 1915
3 1916
1 1917
2 1918
1 1919
5 1920
3 1921
5 1922
5 1923
2 1924
4 1925
4 1926
4 1927
2 1928
3 1929
2 1930
2 1931
3 1932
4 1933
3 1934
3 1935
3 1936
4 1937
1 1938
3 1939
3 1940
5 1941
1 1942
3 1943
3 1944
5 1945
4 1946
3 1947
4 1948
3 1949
2 1950
2 1951
2 1952
4 1953
3 1954
1 1955
3 1956
2 1957
3 1958
4 1959
2 1960
1 1961
4 1962
5 1963
4 1964
2 1965
5 1966
5 1967
3 1968
4 1969
2 1970
1 1971
1 1972
1 1973
5 1974
1 1975
3 1976
2 1977
3 1978
1 1979
4 1980
4 1981
4 1982
2 1983
4 1984
4 1985
2 1986
5 1987
5 1988
1 1989
4 1990
5 1991
1 1992
2 1993
5 1994
5 1995
4 1996
2 1997
5 1998
5 1999
2 2000
12
1 2
1 3
1 4
1 5
1 6
1 7
1 8
1 9
1 10
1 11
1 12
