1000
1 2
2 3
3 4
3 5
2 6
5 7
1 8
4 9
1 10
9 11
7 12
6 13
3 14
10 15
2 16
12 17
13 18
2 19
4 20
4 21
16 22
3 23
6 24
12 25
18 26
3 27
6 28
12 29
24 30
8 31
20 32
1 33
29 34
7 35
11 36
12 37
22 38
11 39
2 40
33 41
3 42
38 43
4 44
5 45
8 46
31 47
21 48
32 49
9 50
34 51
15 52
16 53
26 54
16 55
1 56
44 57
54 58
7 59
6 60
49 61
48 62
46 63
35 64
49 65
64 66
18 67
55 68
19 69
23 70
58 71
60 72
60 73
62 74
31 75
5 76
9 77
42 78
12 79
75 80
43 81
36 82
26 83
67 84
66 85
10 86
70 87
65 88
50 89
24 90
24 91
18 92
17 93
21 94
18 95
64 96
7 97
35 98
69 99
10 100
84 101
79 102
43 103
35 104
70 105
32 106
7 107
3 108
40 109
103 110
46 111
92 112
76 113
22 114
48 115
103 116
98 117
64 118
72 119
63 120
71 121
92 122
11 123
6 124
23 125
12 126
56 127
41 128
3 129
80 130
34 131
12 132
100 133
63 134
122 135
99 136
118 137
29 138
81 139
137 140
69 141
137 142
53 143
124 144
4 145
77 146
22 147
122 148
77 149
72 150
32 151
44 152
34 153
102 154
42 155
84 156
107 157
139 158
85 159
97 160
70 161
92 162
99 163
87 164
50 165
77 166
19 167
141 168
92 169
23 170
127 171
32 172
129 173
84 174
55 175
123 176
81 177
34 178
175 179
69 180
126 181
172 182
169 183
123 184
75 185
119 186
63 187
13 188
138 189
46 190
140 191
119 192
174 193
84 194
3 195
39 196
142 197
26 198
11 199
177 200
40 201
165 202
197 203
13 204
86 205
111 206
87 207
44 208
5 209
90 210
114 211
63 212
109 213
22 214
211 215
197 216
91 217
214 218
114 219
38 220
110 221
86 222
11 223
1 224
29 225
146 226
205 227
76 228
184 229
58 230
219 231
139 232
123 233
11 234
62 235
224 236
98 237
58 238
226 239
17 240
127 241
113 242
237 243
13 244
154 245
27 246
72 247
166 248
112 249
124 250
136 251
89 252
185 253
162 254
63 255
72 256
243 257
254 258
81 259
184 260
244 261
255 262
33 263
50 264
147 265
10 266
195 267
263 268
224 269
128 270
156 271
223 272
48 273
17 274
154 275
3 276
22 277
204 278
155 279
166 280
124 281
220 282
88 283
146 284
23 285
29 286
217 287
97 288
174 289
166 290
34 291
14 292
275 293
9 294
89 295
243 296
170 297
217 298
30 299
23 300
217 301
177 302
87 303
203 304
134 305
78 306
36 307
76 308
176 309
116 310
149 311
58 312
286 313
114 314
96 315
291 316
78 317
133 318
53 319
171 320
272 321
157 322
151 323
10 324
176 325
96 326
221 327
276 328
320 329
151 330
299 331
90 332
167 333
215 334
198 335
321 336
179 337
62 338
262 339
308 340
244 341
188 342
149 343
260 344
143 345
220 346
43 347
287 348
264 349
213 350
295 351
105 352
248 353
153 354
18 355
171 356
28 357
153 358
104 359
105 360
3 361
22 362
273 363
275 364
196 365
330 366
354 367
26 368
310 369
113 370
6 371
108 372
95 373
56 374
58 375
307 376
318 377
169 378
293 379
105 380
244 381
220 382
109 383
38 384
326 385
313 386
299 387
335 388
141 389
114 390
29 391
59 392
309 393
361 394
233 395
111 396
107 397
33 398
335 399
268 400
352 401
116 402
23 403
221 404
147 405
338 406
219 407
111 408
346 409
120 410
52 411
222 412
358 413
203 414
408 415
68 416
251 417
179 418
235 419
409 420
193 421
372 422
331 423
105 424
381 425
292 426
237 427
232 428
257 429
165 430
217 431
22 432
31 433
166 434
255 435
172 436
134 437
79 438
295 439
420 440
142 441
134 442
248 443
346 444
271 445
281 446
235 447
256 448
277 449
30 450
92 451
121 452
19 453
72 454
360 455
424 456
444 457
271 458
303 459
66 460
344 461
235 462
409 463
459 464
165 465
131 466
344 467
396 468
163 469
36 470
186 471
43 472
271 473
11 474
3 475
145 476
129 477
372 478
32 479
40 480
246 481
109 482
38 483
202 484
315 485
324 486
68 487
16 488
480 489
164 490
122 491
465 492
94 493
453 494
370 495
65 496
417 497
425 498
91 499
379 500
123 501
1 502
49 503
88 504
247 505
50 506
203 507
304 508
222 509
289 510
352 511
114 512
254 513
387 514
173 515
343 516
294 517
220 518
496 519
370 520
51 521
349 522
488 523
507 524
114 525
120 526
22 527
500 528
468 529
117 530
259 531
274 532
44 533
188 534
396 535
113 536
21 537
286 538
5 539
104 540
482 541
423 542
506 543
516 544
75 545
117 546
529 547
5 548
391 549
429 550
298 551
260 552
460 553
26 554
19 555
61 556
72 557
554 558
7 559
1 560
204 561
412 562
144 563
114 564
408 565
385 566
31 567
358 568
65 569
374 570
427 571
304 572
191 573
350 574
110 575
454 576
511 577
253 578
426 579
494 580
86 581
448 582
497 583
115 584
283 585
515 586
493 587
250 588
269 589
451 590
8 591
280 592
491 593
285 594
460 595
411 596
174 597
588 598
439 599
569 600
595 601
472 602
183 603
285 604
263 605
440 606
14 607
525 608
569 609
169 610
255 611
527 612
379 613
525 614
86 615
411 616
561 617
494 618
512 619
327 620
60 621
189 622
296 623
124 624
368 625
225 626
16 627
94 628
391 629
618 630
191 631
501 632
532 633
548 634
214 635
111 636
433 637
17 638
412 639
39 640
537 641
221 642
226 643
500 644
558 645
603 646
27 647
236 648
117 649
11 650
420 651
515 652
353 653
173 654
213 655
553 656
572 657
224 658
343 659
375 660
594 661
189 662
233 663
45 664
251 665
338 666
257 667
649 668
649 669
168 670
7 671
275 672
192 673
297 674
618 675
573 676
652 677
667 678
252 679
278 680
303 681
279 682
370 683
4 684
388 685
293 686
619 687
401 688
573 689
425 690
519 691
232 692
594 693
294 694
194 695
74 696
392 697
261 698
452 699
559 700
575 701
15 702
282 703
506 704
525 705
566 706
152 707
462 708
568 709
476 710
612 711
448 712
7 713
567 714
249 715
214 716
482 717
186 718
419 719
654 720
181 721
19 722
418 723
585 724
242 725
650 726
278 727
531 728
4 729
146 730
532 731
141 732
592 733
656 734
91 735
124 736
608 737
503 738
544 739
701 740
499 741
245 742
365 743
151 744
630 745
731 746
711 747
483 748
222 749
328 750
170 751
726 752
179 753
393 754
46 755
193 756
235 757
349 758
655 759
6 760
357 761
669 762
69 763
237 764
351 765
249 766
343 767
177 768
665 769
342 770
578 771
692 772
763 773
17 774
54 775
268 776
59 777
467 778
408 779
92 780
720 781
260 782
254 783
726 784
168 785
420 786
199 787
512 788
583 789
494 790
744 791
249 792
661 793
734 794
479 795
67 796
376 797
30 798
81 799
752 800
280 801
519 802
18 803
748 804
734 805
31 806
586 807
637 808
566 809
225 810
551 811
401 812
176 813
650 814
731 815
270 816
530 817
168 818
345 819
641 820
33 821
780 822
20 823
770 824
484 825
213 826
378 827
694 828
232 829
454 830
11 831
308 832
190 833
722 834
637 835
506 836
403 837
416 838
338 839
372 840
495 841
180 842
261 843
600 844
463 845
168 846
100 847
557 848
419 849
544 850
108 851
741 852
413 853
57 854
756 855
669 856
840 857
762 858
102 859
175 860
746 861
815 862
843 863
823 864
74 865
636 866
188 867
225 868
858 869
378 870
461 871
810 872
727 873
55 874
276 875
544 876
592 877
145 878
658 879
566 880
474 881
488 882
237 883
522 884
787 885
474 886
519 887
779 888
403 889
163 890
211 891
130 892
370 893
15 894
775 895
154 896
252 897
285 898
504 899
143 900
220 901
315 902
358 903
803 904
628 905
621 906
446 907
613 908
879 909
871 910
457 911
153 912
776 913
93 914
73 915
603 916
700 917
254 918
726 919
606 920
812 921
164 922
510 923
153 924
116 925
335 926
664 927
248 928
341 929
629 930
187 931
448 932
764 933
622 934
890 935
97 936
40 937
60 938
218 939
363 940
444 941
306 942
829 943
747 944
427 945
808 946
330 947
719 948
715 949
382 950
420 951
926 952
867 953
673 954
71 955
685 956
204 957
949 958
833 959
885 960
532 961
904 962
815 963
78 964
206 965
278 966
305 967
355 968
139 969
558 970
242 971
722 972
336 973
405 974
843 975
878 976
181 977
358 978
51 979
762 980
472 981
253 982
493 983
474 984
360 985
760 986
76 987
635 988
959 989
49 990
850 991
348 992
25 993
504 994
829 995
978 996
346 997
428 998
13 999
939 1000
12
1 2
1 3
3 4
4 5
2 6
6 7
5 8
1 9
8 10
9 11
7 12
