99
1 2
1 3
3 4
3 5
3 6
4 7
6 8
1 9
8 10
8 11
9 12
7 13
8 14
10 15
1 16
13 17
17 18
12 19
11 20
18 21
5 22
12 23
12 24
24 25
19 26
7 27
5 28
16 29
18 30
2 31
11 32
11 33
26 34
10 35
25 36
30 37
25 38
14 39
21 40
23 41
40 42
12 43
31 44
2 45
5 46
6 47
27 48
29 49
20 50
32 51
26 52
52 53
52 54
13 55
35 56
30 57
49 58
30 59
3 60
10 61
36 62
36 63
38 64
59 65
54 66
42 67
17 68
56 69
13 70
7 71
46 72
21 73
49 74
73 75
6 76
48 77
1 78
64 79
10 80
45 81
54 82
62 83
65 84
62 85
31 86
59 87
29 88
60 89
2 90
68 91
70 92
76 93
35 94
27 95
73 96
26 97
50 98
97 99
12
1 2
2 3
2 4
1 5
5 6
6 7
3 8
5 9
1 10
7 11
2 12
