30 100
11 17
11 15
8 1
13 16
4 16
1 23
4 21
13 21
1 4
5 15
25 7
6 7
25 10
21 1
1 16
20 19
30 25
22 25
8 25
9 1
1 11
21 19
11 20
1 29
1 28
11 16
4 13
15 16
29 9
26 28
11 25
28 19
10 21
10 13
19 11
3 7
11 9
25 4
11 21
27 9
3 13
6 13
15 30
5 23
19 1
6 25
19 25
29 11
19 9
15 1
2 6
13 1
19 15
4 11
29 26
7 30
9 10
26 19
16 26
22 23
22 16
19 16
18 21
11 10
27 11
1 6
25 13
21 28
1 22
18 20
16 3
3 23
23 21
28 15
12 11
25 3
1 10
7 1
21 17
5 1
5 25
6 14
19 29
25 21
19 5
8 11
13 7
25 1
11 7
25 12
3 15
13 14
7 16
23 13
19 27
21 16
25 2
10 16
7 17
15 7
0100000011001000000110001