30 100
1 5
12 1
11 1
16 1
23 9
4 21
25 24
12 11
17 15
21 1
1 27
10 19
27 25
13 25
13 17
21 6
1 13
18 25
27 5
16 13
19 1
30 19
1 9
25 1
21 17
11 5
22 25
30 13
1 15
19 3
10 1
29 21
1 7
19 7
23 14
19 4
11 19
20 13
27 13
26 1
29 1
22 12
16 21
11 25
19 15
19 22
5 29
7 18
1 14
11 8
12 13
10 20
1 3
20 25
5 6
21 7
3 30
26 19
29 25
19 25
26 13
10 17
13 23
7 4
14 17
3 23
18 1
19 5
3 24
7 16
3 22
2 10
19 13
10 23
3 16
17 29
27 21
1 23
7 13
23 11
6 8
12 24
13 2
25 7
9 11
9 28
7 12
9 21
10 27
11 29
16 25
21 19
11 28
29 6
22 13
19 14
26 5
26 9
1 17
17 23
0000000000001100001011101