30 100
4 25
19 1
21 7
20 3
1 22
29 13
3 25
28 6
7 11
1 9
1 21
18 7
16 3
15 21
23 21
1 27
1 30
13 17
23 16
7 5
26 1
2 5
24 10
19 11
20 15
26 28
21 10
13 19
17 1
1 16
7 3
29 21
26 11
29 25
17 5
30 21
7 25
24 6
22 16
19 21
13 5
22 21
16 11
15 18
27 13
5 6
12 29
13 23
27 10
1 7
18 3
10 1
6 7
23 7
8 21
17 4
9 25
17 16
10 6
25 26
21 17
15 13
29 1
1 15
13 10
1 6
19 16
23 17
17 19
16 9
5 4
4 19
25 23
4 23
1 20
1 14
1 25
1 11
9 11
28 16
16 21
11 27
25 19
13 25
3 29
16 5
12 1
11 17
3 23
10 7
7 19
19 2
30 4
29 23
5 28
5 19
28 7
29 7
4 21
7 13
0000010000000101101000001