30 100
10 19
13 11
17 1
13 25
1 4
4 15
20 17
16 11
7 19
3 11
16 29
25 10
22 26
29 6
7 1
25 27
1 13
16 28
1 27
25 11
21 15
19 1
19 13
4 9
1 11
16 19
21 23
1 29
13 7
7 16
10 4
13 10
7 5
21 20
23 5
5 1
25 19
15 1
1 25
2 11
29 17
28 21
27 4
19 27
7 30
29 20
19 4
19 17
16 23
2 15
20 28
15 3
28 6
13 28
3 1
23 19
26 30
21 26
11 15
11 19
2 6
11 9
15 6
19 3
17 11
21 10
16 25
8 17
22 13
17 7
20 16
27 17
21 8
23 6
23 13
6 13
21 7
25 7
3 30
21 16
11 4
21 3
22 1
1 16
8 1
5 29
3 16
29 19
13 4
13 5
9 5
9 13
10 17
23 7
9 22
21 11
5 21
1 26
13 16
26 11
0100000001000111100000001