500 2000
90 236
246 257
291 265
106 435
479 385
57 321
453 205
172 421
341 233
413 63
201 333
381 249
232 386
477 283
47 441
241 474
131 143
81 442
308 152
464 112
105 331
9 352
205 422
87 114
461 321
201 71
366 39
313 453
125 221
74 60
31 19
13 445
473 255
366 141
439 59
411 465
20 225
496 71
206 243
271 261
293 339
234 435
329 151
365 51
205 351
475 461
301 117
474 311
479 309
51 423
273 305
213 1
85 309
117 75
52 361
175 42
83 1
196 375
307 281
281 208
445 355
391 291
441 261
251 299
115 239
227 105
337 351
261 143
61 26
201 326
209 100
381 1
401 181
373 11
251 61
37 442
160 243
21 181
367 185
361 217
305 45
437 177
162 1
281 181
22 441
81 91
103 51
429 117
325 11
37 323
126 241
377 271
426 441
13 486
231 135
399 424
56 417
117 460
318 493
313 71
301 111
411 341
451 178
229 27
267 111
340 455
103 197
173 253
221 235
69 41
493 175
133 98
341 113
152 345
245 391
227 127
311 305
86 477
251 425
433 491
213 361
439 442
365 474
78 224
396 406
262 121
51 329
385 91
441 476
261 91
371 176
390 485
161 157
117 173
409 166
401 337
181 163
251 337
77 164
126 197
151 297
469 305
157 85
460 297
393 146
446 72
459 453
453 16
143 237
496 426
437 113
293 394
187 183
265 261
171 124
201 497
277 396
422 427
491 55
301 161
401 455
468 62
129 371
37 207
379 127
285 105
209 326
379 113
5 201
231 295
455 281
107 469
7 401
19 301
309 133
341 229
477 67
157 41
197 357
81 61
448 121
35 34
432 208
395 337
493 185
476 1
302 153
255 428
28 479
437 85
234 431
136 105
126 341
145 354
133 349
85 391
229 395
265 141
321 183
411 279
271 140
226 495
105 365
483 303
213 385
7 309
281 115
13 489
143 328
306 195
409 415
251 81
461 465
455 345
33 266
397 97
341 157
416 366
121 485
104 499
361 169
191 116
385 422
451 103
119 312
345 73
193 201
252 41
329 256
421 449
199 301
216 253
385 7
401 406
201 6
161 74
360 17
349 345
18 97
271 151
358 164
51 78
437 150
421 441
247 302
65 431
242 301
123 221
345 427
41 5
83 351
390 475
340 79
445 31
365 61
49 136
234 291
153 466
391 456
251 401
84 200
57 256
273 1
369 233
76 55
22 173
267 356
356 41
349 293
269 145
245 161
217 321
146 69
480 477
401 96
391 63
172 293
259 65
462 461
286 135
117 351
101 1
191 159
13 351
410 405
379 137
291 370
381 391
241 496
261 273
67 35
313 141
20 159
217 386
111 9
441 52
249 301
96 216
210 21
15 445
489 361
467 309
323 445
313 461
276 370
497 446
418 393
130 363
61 491
157 186
266 150
141 77
195 213
306 250
389 333
453 185
491 211
351 277
477 121
375 225
65 385
71 349
20 451
388 201
81 165
105 461
328 157
471 438
304 425
126 383
170 151
352 75
106 81
51 451
369 402
441 470
271 277
70 381
33 433
225 243
301 265
459 7
255 61
96 8
179 7
76 145
57 115
291 170
270 29
305 65
393 171
470 76
277 345
133 44
151 277
81 376
404 109
457 441
464 191
24 281
327 289
395 41
373 105
251 305
409 113
305 2
23 1
361 241
325 41
497 127
281 85
340 73
272 11
251 210
336 165
486 171
16 297
401 93
391 387
251 163
406 83
75 93
71 31
41 169
28 161
1 192
397 93
461 5
1 301
375 473
241 389
274 299
449 409
243 126
221 287
235 205
383 493
113 441
257 149
143 394
376 153
1 441
401 369
487 61
421 371
343 208
1 19
228 149
389 136
481 311
331 166
329 159
201 69
481 91
173 238
388 481
5 385
197 293
69 453
397 376
431 196
49 321
231 453
171 429
389 378
211 451
183 436
291 367
406 161
199 389
235 385
36 481
348 371
74 267
281 397
177 301
495 94
441 69
221 309
449 252
361 171
75 341
365 287
105 161
266 66
27 181
127 251
4 56
351 257
153 60
459 425
291 221
63 313
381 59
241 429
53 401
236 397
72 233
117 350
442 281
198 375
321 426
462 411
473 384
63 311
190 151
69 71
315 477
271 145
461 17
141 492
51 209
245 365
397 375
319 193
76 393
31 411
381 229
164 163
467 305
452 38
377 331
24 293
191 25
181 417
182 39
25 74
281 314
301 41
47 311
261 28
301 176
177 331
23 139
365 426
407 180
441 54
101 96
411 198
249 345
229 400
169 252
292 56
183 350
269 186
365 97
292 3
21 408
109 23
356 465
161 297
401 487
53 331
281 97
385 145
349 189
161 464
148 361
251 389
341 245
105 125
361 407
393 137
207 143
353 329
296 386
231 151
239 173
25 451
249 121
41 44
355 48
21 308
285 172
186 397
221 336
485 144
81 301
141 254
209 460
73 421
277 81
101 351
61 253
249 196
11 201
441 483
365 309
495 47
5 59
131 357
1 366
25 371
261 115
373 424
142 33
229 397
325 1
495 272
374 443
423 192
153 109
11 249
3 219
212 165
73 351
283 220
43 469
412 376
179 1
445 229
381 327
497 205
113 397
321 389
488 191
383 221
273 421
271 433
251 331
167 331
89 205
365 121
31 434
291 103
361 454
458 241
289 11
69 469
176 22
216 229
379 36
121 382
493 395
11 475
244 297
476 361
7 65
30 353
123 43
5 319
221 381
376 403
365 203
317 363
388 19
46 488
353 87
201 252
323 326
87 161
91 381
249 1
135 441
280 315
211 39
116 101
245 127
388 81
401 476
209 52
81 213
477 111
66 128
391 225
482 23
62 236
325 59
393 447
241 18
213 277
478 131
85 354
172 13
70 110
260 153
21 445
406 193
381 205
498 431
369 125
145 497
45 211
141 461
221 13
25 151
34 268
197 1
119 267
194 49
22 388
103 53
319 86
219 379
457 407
314 453
41 256
301 299
353 162
41 263
211 129
69 418
233 101
199 491
227 341
406 296
339 31
61 273
458 457
98 189
203 77
277 457
391 67
369 251
295 241
121 49
211 434
16 273
116 289
486 237
254 406
471 286
431 189
239 311
129 439
419 251
241 493
411 481
11 309
251 403
21 277
376 481
237 393
67 241
491 473
33 328
461 303
119 377
373 188
58 133
489 461
498 309
31 121
19 469
436 359
241 371
355 457
149 405
287 74
365 229
281 224
98 326
191 21
323 311
471 315
122 449
419 416
308 387
377 381
45 89
474 41
376 476
167 495
385 386
9 346
273 391
478 157
135 320
189 109
232 130
306 121
59 409
408 295
314 330
433 482
313 297
161 88
425 177
473 413
196 379
335 441
476 495
173 152
289 241
166 8
373 199
146 306
483 331
227 161
481 471
425 254
231 451
311 465
494 385
451 65
471 498
1 293
405 481
337 232
341 116
239 482
223 410
443 49
360 323
163 482
381 453
472 25
451 407
475 373
341 14
201 473
245 31
49 433
101 9
411 404
178 267
121 356
324 359
371 149
399 93
21 129
16 141
101 65
49 297
345 481
301 465
372 391
209 301
311 19
477 469
249 39
425 321
493 419
151 121
497 113
292 374
285 325
151 91
185 281
176 80
47 368
417 292
143 339
316 401
436 55
210 147
301 489
156 227
453 455
123 406
169 440
53 295
110 98
46 408
289 31
446 59
163 1
141 224
413 201
306 345
13 401
137 39
36 101
9 35
341 119
129 208
439 233
289 233
133 345
73 151
311 414
192 321
89 333
6 434
381 169
316 263
333 25
460 241
136 173
271 311
341 189
345 75
37 321
364 383
61 135
209 496
463 382
45 476
205 481
385 366
281 309
197 286
363 189
192 351
65 372
130 493
436 351
301 185
385 462
245 150
277 299
103 96
249 201
427 81
213 301
285 152
465 85
107 177
61 272
270 273
13 288
383 249
353 81
124 156
239 351
251 249
191 141
65 241
465 481
114 133
454 183
253 439
251 217
261 315
251 291
348 441
141 417
393 446
485 221
61 314
330 451
180 439
437 151
65 76
383 325
453 256
17 40
374 201
485 321
325 301
291 471
307 243
311 29
317 171
336 132
214 213
101 206
120 34
159 33
301 351
301 391
463 301
86 17
481 181
77 142
175 202
481 249
96 305
130 441
242 201
162 26
499 201
272 176
396 45
410 105
353 67
145 17
421 317
7 132
276 418
365 351
459 367
288 309
261 367
15 41
181 150
222 296
31 131
26 293
353 369
381 41
159 293
271 116
156 121
327 194
9 171
241 209
286 346
359 117
26 217
177 45
51 300
475 484
61 133
234 263
481 9
296 389
207 101
9 125
77 71
21 219
333 149
121 357
221 478
241 269
401 55
125 109
420 96
321 335
341 209
181 256
316 17
391 389
201 377
331 351
241 485
489 24
288 327
405 265
181 280
54 101
157 392
271 361
467 289
251 4
377 30
99 49
482 182
377 301
337 163
9 45
426 163
276 89
230 44
401 126
431 401
217 186
53 122
179 480
73 217
25 128
256 401
101 261
37 453
103 429
334 205
1 25
105 341
491 209
120 77
325 369
316 288
473 30
21 411
397 141
51 29
426 23
315 5
301 12
1 135
249 441
386 211
21 441
102 465
321 491
499 82
261 317
308 189
247 199
402 393
1 60
297 1
41 125
491 1
45 138
216 193
477 101
259 34
31 488
316 321
149 122
169 337
113 303
500 372
181 61
403 237
93 427
175 106
360 498
210 118
392 313
393 281
288 128
23 311
346 385
317 257
276 329
267 229
311 264
97 271
117 449
187 453
477 32
417 468
397 215
272 169
20 229
462 396
181 469
70 493
157 44
131 13
457 234
190 300
105 1
49 273
316 86
389 401
477 321
301 356
425 81
152 319
223 361
437 73
331 88
225 276
445 319
81 71
389 411
201 153
205 109
145 489
217 111
40 301
465 417
491 397
181 389
186 281
130 141
349 149
88 393
6 177
157 113
437 10
329 441
457 481
327 141
357 221
292 204
1 251
231 244
214 117
6 409
113 8
351 491
418 305
338 73
284 81
109 361
437 64
61 17
48 276
36 236
353 451
221 443
77 314
371 389
333 300
81 83
40 193
352 299
459 149
141 126
321 391
419 429
496 58
231 208
433 351
117 25
47 165
62 316
357 407
95 401
305 179
151 177
381 51
157 420
261 72
473 476
381 46
473 121
166 51
399 26
397 401
31 373
37 303
221 351
27 101
434 122
413 205
281 389
449 351
481 327
315 197
5 227
62 467
306 280
492 145
62 170
465 361
314 449
251 155
455 76
56 190
473 13
313 173
421 249
421 203
69 74
93 145
433 100
396 113
426 101
351 385
256 65
189 119
181 431
197 107
17 233
161 321
273 331
39 209
293 332
201 125
137 443
353 301
347 109
130 293
403 200
401 195
315 112
225 237
69 29
261 75
218 251
309 326
423 241
169 281
313 233
301 214
235 396
233 301
21 471
281 247
187 68
197 216
94 143
280 35
25 361
123 160
404 40
113 11
302 404
451 257
57 447
485 463
166 393
371 6
361 273
281 349
282 297
107 254
129 68
27 291
245 255
223 29
156 119
1 189
257 226
339 167
166 388
317 397
101 434
369 27
485 268
485 181
351 289
381 113
213 268
285 158
307 103
409 89
463 429
261 207
459 46
93 215
93 159
425 59
149 56
12 262
413 53
275 237
236 229
31 165
17 343
208 103
336 101
21 189
149 497
110 53
429 391
251 253
439 51
60 133
39 87
490 319
151 164
396 181
345 81
482 388
336 31
189 281
416 187
368 338
232 258
369 93
301 437
418 481
9 76
373 146
129 53
383 441
265 145
352 213
71 261
415 246
101 240
157 201
395 142
273 230
391 481
393 292
347 105
267 196
1 281
465 63
87 97
25 307
115 233
81 421
361 368
77 226
223 163
421 381
425 57
237 365
109 77
205 197
193 113
461 240
241 272
481 469
81 39
7 275
325 137
77 433
203 59
461 149
123 374
181 451
459 66
28 354
200 491
171 352
333 137
142 337
385 391
1 35
21 115
141 239
151 61
198 381
303 177
370 403
201 310
163 297
211 109
278 55
251 475
443 71
30 261
81 447
283 181
409 10
25 261
415 151
89 121
280 25
274 441
217 221
475 405
53 253
203 75
16 185
132 117
17 66
161 217
277 428
255 41
289 19
461 1
13 272
151 477
131 71
50 493
101 45
453 91
271 411
130 26
283 271
13 291
283 185
154 257
151 301
251 125
305 455
461 29
4 238
372 367
411 169
459 77
185 96
181 249
181 91
355 392
496 333
57 35
309 251
399 21
397 21
1 411
333 1
70 126
28 408
161 221
41 291
149 457
493 76
496 27
441 101
381 323
281 215
481 221
435 35
374 247
297 195
131 217
366 42
321 428
260 141
255 170
245 173
129 169
81 241
365 159
110 21
168 262
223 381
125 51
490 133
21 301
194 83
12 323
53 143
330 303
309 376
11 445
471 295
427 373
305 160
399 311
412 403
303 81
385 345
121 307
201 226
153 171
33 435
415 81
491 107
359 463
395 336
91 221
411 135
314 107
233 250
363 425
193 47
213 8
201 479
70 129
73 399
427 469
257 138
287 435
367 473
267 444
483 380
337 483
441 45
3 499
100 121
123 226
373 137
241 51
437 333
179 221
466 369
401 365
9 13
371 418
131 233
5 330
416 225
28 142
421 481
80 467
13 495
445 440
83 129
321 437
294 36
50 307
401 477
73 413
441 33
301 419
165 248
113 302
423 432
372 215
286 492
433 411
176 351
47 136
272 468
135 67
471 387
415 159
388 125
465 177
44 89
151 291
369 101
424 448
71 377
163 45
391 201
338 397
131 59
110 413
364 120
257 15
277 358
183 381
411 313
27 1
434 121
157 181
395 121
303 281
389 288
29 389
230 109
251 16
367 464
85 344
281 425
416 181
463 276
117 71
93 96
500 203
216 40
481 417
56 300
215 374
281 251
361 316
285 317
417 225
291 48
350 309
145 261
47 31
406 320
354 346
352 244
395 73
326 251
263 413
231 111
251 97
312 299
290 425
407 226
36 491
302 116
251 250
401 71
357 381
353 459
179 251
277 303
23 25
161 402
26 266
353 293
208 341
281 109
233 215
109 97
61 209
493 239
41 249
386 178
29 155
241 411
421 307
424 401
213 217
341 156
301 363
149 94
121 311
371 221
58 21
73 449
92 497
39 245
388 285
289 214
469 128
463 181
124 491
350 221
1 275
67 214
69 85
231 385
371 485
218 377
23 175
341 81
291 207
216 417
181 402
321 73
208 61
149 486
146 461
419 378
371 69
88 145
371 65
481 215
377 457
136 495
81 396
81 482
381 481
282 483
59 364
258 494
40 371
81 269
259 231
276 365
387 185
410 400
244 73
65 351
105 433
172 53
131 103
176 121
175 30
119 8
309 51
253 83
261 1
25 260
157 265
409 428
13 361
61 262
1 201
463 4
51 401
409 413
256 413
101 265
376 489
419 11
243 261
293 433
41 76
6 125
216 371
47 437
459 361
115 285
356 321
349 389
176 161
261 140
381 101
41 397
474 11
208 257
201 426
38 237
421 461
286 271
482 249
141 113
221 286
191 293
311 441
398 487
201 381
32 18
127 279
96 201
351 401
37 391
84 437
414 469
478 12
409 136
358 352
28 77
292 110
260 450
170 33
429 451
338 237
417 19
421 376
224 473
2 121
421 243
353 44
39 461
437 320
241 266
258 1
209 11
400 93
291 253
401 129
17 260
107 37
485 158
497 471
491 496
305 138
361 78
381 345
487 286
47 221
225 33
103 73
2 249
217 200
39 383
161 331
93 284
109 432
309 61
35 189
253 261
436 377
446 379
361 266
171 201
366 260
471 474
13 215
261 304
261 184
453 181
74 257
229 251
495 205
44 59
337 493
401 156
232 300
203 497
119 301
269 16
260 265
48 97
242 245
113 281
496 56
433 416
54 328
251 312
121 17
229 308
257 321
440 47
119 121
189 289
43 31
87 361
137 306
319 73
29 297
366 245
231 195
251 241
329 28
109 486
427 125
31 471
457 358
21 201
393 106
225 481
66 297
193 352
105 37
404 231
290 386
16 106
289 431
327 474
101 211
263 181
183 345
438 149
452 313
157 71
118 341
93 153
49 466
241 359
395 124
314 263
29 373
309 466
383 266
441 140
305 353
497 5
156 425
161 312
346 323
120 325
475 441
351 378
405 367
56 325
308 381
463 119
431 257
165 50
141 185
484 130
225 431
137 491
441 315
236 258
351 141
140 125
451 141
411 304
291 377
369 91
21 131
169 268
442 261
460 401
293 103
425 402
26 261
467 46
237 129
375 491
261 391
75 189
289 306
365 403
430 9
493 353
155 413
423 497
103 333
118 299
169 59
326 351
401 439
497 111
284 329
476 416
325 371
151 491
54 404
1 481
85 243
404 281
201 270
122 310
321 307
143 101
449 338
310 156
405 117
309 357
147 189
451 461
96 411
436 22
293 317
152 91
242 86
455 283
50 101
369 241
129 285
165 439
235 307
182 190
471 41
69 270
377 109
51 93
3 33
158 117
19 89
431 237
161 417
197 222
49 381
383 341
285 464
351 281
181 49
137 171
189 409
33 382
141 45
73 129
166 265
467 351
157 291
351 332
401 321
491 66
445 349
371 286
6 62
371 239
406 389
81 26
169 344
287 34
309 135
305 323
386 192
101 371
117 476
467 361
496 369
421 62
409 407
154 290
341 47
386 275
355 412
462 373
79 147
361 145
177 189
93 219
357 285
369 451
101 56
215 453
481 61
471 269
366 275
180 281
266 201
41 479
235 151
157 279
341 16
201 31
251 417
184 151
25 236
101 184
23 181
97 265
246 153
422 20
9 457
281 441
469 126
85 353
1 340
281 53
1 309
299 218
246 486
448 149
177 314
197 81
193 447
281 317
5 29
225 206
111 417
233 231
121 124
31 190
2 273
12 105
369 491
482 423
239 246
265 61
400 261
81 56
66 348
20 148
000000011100001