500 2000
173 7
341 326
135 269
217 68
497 145
291 155
171 393
86 394
461 371
489 61
167 45
441 321
111 81
263 105
485 285
186 160
473 59
77 215
88 75
6 90
477 131
133 438
421 221
127 226
221 153
31 315
131 327
325 101
21 187
92 253
241 425
374 243
476 385
474 321
145 5
253 361
229 205
451 313
188 293
167 129
65 283
234 109
44 313
141 451
423 236
285 401
466 22
25 391
66 1
105 177
360 429
202 65
241 225
255 81
101 396
51 289
397 21
47 6
1 465
301 333
301 442
341 437
82 429
243 118
483 325
311 431
231 42
401 225
313 431
336 156
453 476
41 389
49 329
1 77
37 308
102 53
231 201
449 350
197 27
302 286
76 192
284 51
397 455
321 121
82 178
233 135
177 459
387 33
331 87
303 471
145 330
391 439
477 299
491 213
67 229
90 181
497 276
285 421
327 385
371 81
32 297
131 453
336 205
255 85
68 268
241 485
85 1
227 47
481 385
117 119
359 41
101 81
216 463
397 277
285 245
88 376
251 481
361 356
313 363
481 99
241 72
75 209
201 281
385 269
171 100
377 55
385 87
341 222
225 115
429 299
241 327
137 251
149 439
417 351
382 105
371 387
57 481
457 445
197 149
333 17
61 205
229 151
205 154
161 81
465 149
93 441
112 99
14 73
27 256
319 181
135 401
209 101
302 174
341 301
311 231
65 475
465 491
205 236
69 335
226 331
313 29
391 337
327 463
61 197
29 53
85 305
1 291
292 277
195 393
99 139
306 35
181 485
253 136
309 456
281 237
400 407
86 247
474 61
125 285
17 106
159 447
343 129
133 216
187 114
305 23
41 133
257 317
61 85
237 209
1 251
23 334
117 21
7 325
386 479
1 422
487 251
451 23
461 182
281 307
287 193
407 376
289 409
71 398
340 499
1 109
161 58
435 449
152 231
73 311
89 171
401 466
309 351
371 382
281 216
476 423
418 421
359 376
97 489
457 101
1 129
197 297
476 499
381 334
266 81
277 79
43 383
224 31
257 5
323 269
21 69
206 237
381 234
197 265
265 146
46 427
396 179
451 182
235 351
191 1
321 169
229 401
349 316
13 179
29 77
405 84
101 26
362 201
18 321
252 241
19 337
497 310
419 297
21 179
230 245
461 265
73 324
176 147
209 375
37 302
344 217
43 105
196 1
31 61
472 305
489 437
425 233
12 463
359 305
175 26
445 134
221 409
193 475
3 278
311 149
224 457
133 459
497 173
447 147
208 252
475 41
106 341
325 413
204 136
363 41
453 221
206 189
76 231
77 341
5 199
318 159
497 393
448 73
487 433
254 381
56 57
296 481
81 303
329 301
401 269
316 400
321 37
164 343
301 76
456 388
61 215
409 415
247 80
148 178
32 102
443 123
439 301
355 218
53 105
277 279
63 143
28 66
56 347
450 409
22 479
253 217
281 451
194 146
63 418
213 113
251 307
76 448
304 11
244 426
176 65
375 341
393 495
143 36
346 378
196 450
237 228
376 89
69 239
139 411
493 1
152 150
7 194
383 296
451 41
105 327
169 392
305 252
489 132
149 445
94 433
425 226
449 331
323 117
141 93
76 435
319 486
376 454
214 149
1 339
193 457
224 121
221 165
361 281
233 481
29 337
158 57
197 62
16 181
311 175
253 203
241 269
333 433
425 471
361 161
441 305
409 101
373 433
487 106
368 5
488 226
157 323
283 147
85 77
445 96
479 424
69 153
474 75
27 307
105 86
373 133
369 261
421 476
268 385
145 290
194 229
369 251
118 461
446 166
161 421
214 41
215 250
453 81
360 496
1 139
426 405
257 69
201 151
313 269
275 57
237 305
493 205
207 224
281 63
375 276
181 394
174 173
323 434
41 84
201 386
323 432
191 496
406 209
61 131
141 486
421 457
65 417
261 1
223 207
337 289
333 241
185 237
377 91
169 69
191 155
238 81
389 191
25 206
231 235
415 303
251 437
498 163
446 97
313 325
276 421
241 285
59 95
117 473
139 89
21 421
27 281
431 445
53 413
151 7
385 245
158 376
276 45
63 332
7 339
201 21
291 464
269 73
426 341
176 471
465 301
491 101
1 76
331 45
467 121
37 175
99 329
426 169
369 332
143 316
76 134
429 101
153 410
361 49
374 290
153 189
23 398
351 395
62 280
380 317
272 247
339 266
111 169
121 251
381 91
265 247
389 333
362 136
27 488
361 181
51 248
273 433
345 184
7 90
280 378
141 79
37 257
26 471
251 264
448 438
275 309
275 175
124 99
436 358
492 220
116 304
444 48
1 61
281 421
9 57
255 33
80 401
391 178
141 494
121 310
236 184
181 114
422 71
165 366
449 286
76 432
410 245
296 243
97 391
165 141
101 373
66 457
131 241
487 269
3 486
98 81
241 1
31 76
97 325
417 407
433 251
461 305
372 320
316 465
113 385
481 377
326 103
85 260
147 41
56 1
279 494
209 426
211 461
413 173
213 405
273 418
308 176
76 155
278 405
266 92
193 341
429 396
205 381
111 97
95 123
405 15
450 45
176 422
231 315
399 117
398 293
409 11
208 21
181 51
415 481
97 121
20 287
251 21
137 324
129 141
438 53
283 177
413 105
384 285
493 173
351 321
441 353
449 467
403 289
45 269
7 376
216 49
392 185
125 19
224 376
159 76
233 389
101 69
403 436
449 284
301 117
187 325
176 365
93 449
378 349
410 274
29 417
41 392
381 382
145 361
341 1
166 135
52 433
201 101
126 194
433 173
395 301
423 465
495 185
91 365
154 401
258 279
73 125
57 231
187 307
21 209
33 41
369 276
475 157
49 421
245 207
477 346
254 241
336 21
86 351
83 181
161 297
259 333
317 1
331 284
481 249
167 456
437 44
456 323
113 75
276 475
199 241
388 251
201 495
42 252
301 370
249 36
311 234
391 305
435 81
113 181
213 332
7 113
212 397
181 341
441 261
173 11
441 61
485 217
179 131
49 403
178 120
459 101
412 149
308 441
89 4
203 457
343 289
309 222
189 56
381 398
382 351
294 238
147 492
260 169
61 38
341 251
89 437
469 341
43 197
111 491
453 275
1 461
417 337
11 185
6 149
442 21
29 410
271 386
380 333
169 491
291 336
285 413
205 41
40 111
347 267
441 206
232 357
389 467
101 5
120 92
157 35
93 248
124 325
109 451
233 61
231 429
295 61
62 149
461 347
241 451
137 486
193 38
247 453
369 328
261 347
145 11
417 236
373 105
37 497
149 244
201 313
79 6
329 455
85 462
130 283
401 113
417 421
209 7
273 491
361 260
268 65
169 41
200 68
321 22
469 58
245 243
357 347
208 50
413 1
61 81
231 374
445 446
61 426
221 469
49 95
225 36
489 1
449 156
79 181
22 113
159 77
257 18
213 297
161 34
321 447
426 359
417 56
365 421
85 251
165 334
472 371
297 322
425 67
223 169
449 199
358 214
465 213
251 78
131 291
125 253
342 201
321 106
133 151
261 301
371 224
270 110
161 441
217 149
299 369
271 19
154 13
189 256
26 451
9 489
225 341
211 329
457 437
260 280
169 413
161 45
485 357
207 151
427 22
357 180
362 206
414 239
21 239
56 465
229 364
221 423
139 90
154 385
302 475
311 31
108 86
441 476
269 301
343 357
425 14
25 408
438 137
215 241
341 439
4 379
313 417
493 265
308 349
337 67
485 260
61 475
167 27
495 445
397 306
361 18
13 243
445 357
176 154
317 443
260 26
161 481
29 175
410 136
307 326
129 107
121 257
497 81
236 126
77 227
251 176
327 33
488 377
165 434
171 201
401 271
324 182
114 465
443 273
37 36
481 13
385 169
205 293
284 485
106 29
61 221
437 12
53 441
349 1
66 197
98 276
213 289
381 141
449 240
276 333
21 257
108 421
207 289
272 56
409 357
307 393
435 428
160 253
477 431
333 309
261 260
375 306
248 191
245 487
373 21
133 65
325 169
131 150
356 349
426 401
481 245
453 449
287 381
6 381
149 313
401 159
153 177
196 157
251 321
96 359
84 361
385 414
100 57
171 350
345 437
31 241
455 83
412 260
71 224
261 397
271 445
421 258
452 365
3 366
268 51
421 201
149 343
41 124
454 201
270 173
411 259
63 365
475 363
200 201
193 75
147 188
451 454
353 189
331 136
333 135
259 353
165 199
5 465
1 2
361 5
405 25
88 342
254 228
133 369
53 149
421 135
487 399
181 182
349 487
81 5
362 128
329 363
421 199
284 450
349 381
483 341
418 197
337 11
117 33
183 363
92 152
134 71
229 421
56 489
443 142
40 117
151 1
191 23
148 145
229 76
206 173
155 471
273 357
321 45
265 64
457 189
248 218
151 301
20 131
297 65
204 97
269 240
96 45
356 462
58 380
279 181
61 401
481 76
377 401
438 207
369 79
396 121
266 254
171 72
26 325
461 134
469 369
93 221
33 1
301 397
110 419
114 283
417 141
441 25
257 101
122 301
76 235
379 351
103 437
484 311
347 469
21 1
25 451
166 175
101 481
231 33
101 369
304 219
111 348
108 303
439 415
165 231
10 401
273 201
155 376
33 193
109 271
18 351
207 46
392 318
17 161
161 133
241 253
377 139
146 441
419 221
195 473
296 457
57 195
52 141
35 11
61 345
9 376
361 186
265 365
441 85
111 386
445 415
1 364
189 481
167 265
1 205
37 8
177 385
251 189
476 369
69 421
69 365
474 123
309 241
18 325
351 377
488 391
397 111
491 209
415 318
207 355
301 313
489 21
221 33
115 265
197 477
105 240
364 173
205 281
37 371
359 291
93 176
165 355
465 28
23 462
384 481
21 189
89 413
351 356
473 243
366 109
417 471
407 340
281 29
110 413
37 21
337 233
304 159
256 433
398 75
105 499
270 414
201 105
107 276
293 257
461 8
486 325
267 161
71 86
81 129
291 247
381 497
336 193
489 25
91 24
13 312
294 17
81 46
67 61
226 401
201 446
173 46
115 464
471 461
61 293
193 117
221 253
111 65
137 168
73 439
1 188
205 97
321 337
452 45
382 347
290 381
340 331
273 165
43 89
1 41
33 405
269 13
227 171
301 379
209 435
153 233
39 406
5 237
391 276
478 216
444 21
241 337
345 312
268 205
57 169
331 31
109 236
283 41
461 393
265 310
174 276
81 391
90 365
353 278
1 156
36 313
69 173
213 493
301 18
341 431
266 357
76 393
201 37
144 311
303 326
133 371
215 343
177 169
276 301
69 385
61 136
5 325
193 350
88 20
193 248
416 314
265 129
478 139
361 293
436 224
493 251
57 441
315 323
293 129
434 265
323 320
247 1
251 459
237 407
289 257
22 66
261 109
441 375
437 70
306 209
123 125
285 408
145 63
151 321
385 437
155 417
382 13
123 262
397 199
140 289
99 315
401 351
397 333
411 11
149 421
463 323
102 463
21 96
481 393
40 128
291 426
464 82
27 289
225 249
101 51
149 196
267 13
171 477
172 469
367 189
486 81
189 22
321 453
205 125
379 25
320 207
157 217
451 373
64 181
1 28
475 381
333 323
177 401
479 98
349 335
283 389
17 57
361 385
149 1
254 213
59 469
239 373
228 41
79 71
97 189
19 297
168 46
25 385
424 477
381 325
254 324
17 69
339 381
203 441
453 327
186 28
301 79
231 223
443 32
464 479
84 36
181 121
105 85
245 477
225 180
147 133
146 209
402 400
464 348
384 486
164 311
167 131
261 368
231 67
241 373
141 251
145 345
151 309
66 121
253 189
355 37
151 221
81 66
173 243
36 33
326 70
61 77
421 395
73 142
451 17
497 105
73 84
249 491
21 482
497 429
144 61
69 149
252 36
463 341
460 455
1 197
148 189
497 259
157 311
1 46
486 101
157 401
429 441
45 213
285 449
227 320
81 1
178 361
353 118
217 27
119 164
89 301
161 247
446 208
5 143
449 195
130 181
40 427
411 268
281 65
229 174
459 93
51 341
449 397
315 17
41 281
154 350
137 341
40 43
301 253
304 356
141 224
251 18
341 141
251 381
219 160
182 261
259 101
41 394
348 25
43 251
301 431
69 495
351 251
161 476
81 407
167 255
425 56
98 451
195 285
257 420
161 431
249 201
209 401
313 204
324 405
21 333
301 425
409 53
497 19
88 377
126 271
375 311
33 57
446 375
11 334
445 251
161 66
301 61
341 299
81 441
389 217
436 247
134 440
271 421
175 77
87 229
463 425
419 62
209 376
261 235
385 71
323 353
477 354
391 77
342 445
325 262
189 361
22 104
241 301
500 1
449 481
499 393
33 236
1 428
477 321
221 486
429 201
268 249
243 491
449 238
174 391
244 169
165 240
477 9
386 43
26 369
121 145
102 414
439 31
89 242
401 251
137 233
394 149
27 195
363 388
427 411
473 235
271 278
193 417
287 351
285 181
217 386
356 234
221 161
469 466
479 68
121 357
369 141
169 335
191 309
362 467
139 395
499 461
83 401
38 231
275 91
471 47
497 331
239 235
21 345
321 57
140 51
197 401
490 324
277 251
89 412
45 37
401 126
180 133
128 401
233 305
33 439
10 11
411 458
407 357
407 120
437 67
35 423
349 171
197 445
353 201
163 208
305 300
142 39
461 373
398 45
189 321
395 116
136 299
317 243
453 72
241 249
104 453
279 401
261 383
73 251
406 37
21 104
38 317
270 316
145 187
435 275
385 123
117 246
486 493
228 212
74 275
109 298
319 93
81 271
285 289
160 385
42 499
381 241
70 347
359 165
73 61
419 463
241 21
269 457
51 312
353 217
236 169
243 393
413 363
151 433
29 401
321 270
59 176
326 233
421 81
412 371
106 55
226 225
453 299
221 209
126 51
97 459
1 321
323 321
455 308
121 426
233 427
253 42
206 270
219 297
286 390
301 169
463 121
321 303
159 49
126 29
271 456
41 495
276 252
381 199
346 381
219 197
396 306
351 466
11 499
81 148
53 457
206 80
127 440
401 201
125 393
401 121
465 405
413 157
389 237
63 461
155 461
449 457
224 45
451 53
221 335
226 253
279 187
426 300
281 137
337 253
169 37
77 130
331 189
50 163
318 61
13 430
320 252
271 471
476 65
289 93
431 116
237 68
55 304
367 391
130 117
153 289
428 401
449 101
161 216
385 417
187 12
279 1
76 101
69 261
160 52
271 261
489 44
37 293
476 349
286 343
86 34
256 349
71 251
201 452
183 121
3 93
189 396
426 114
181 245
137 429
114 356
33 264
48 22
1 201
314 201
323 189
285 252
436 271
45 146
111 494
221 437
263 269
15 261
193 256
471 8
165 373
177 181
301 181
37 389
256 51
221 398
27 441
291 477
299 309
41 387
431 56
69 396
413 109
7 229
367 441
321 210
337 363
39 287
71 469
487 326
436 107
335 410
116 13
441 8
491 482
427 493
346 214
241 201
351 165
273 131
8 354
275 485
365 257
353 25
413 320
385 241
447 465
406 131
341 335
57 425
166 7
463 347
432 81
499 35
157 101
496 460
321 476
178 218
281 426
376 125
279 341
317 461
372 496
321 331
221 73
106 119
479 163
177 43
206 393
421 259
123 34
428 397
159 81
264 171
208 8
86 204
151 280
254 271
241 436
409 8
347 191
343 1
439 393
414 276
85 345
351 265
73 39
444 151
192 431
133 439
223 249
151 387
453 285
121 289
301 137
307 51
466 31
207 296
381 47
436 269
81 179
442 481
75 85
4 331
121 452
65 107
103 107
357 127
414 93
17 286
476 251
224 117
146 190
377 463
413 91
441 350
321 141
251 87
417 225
170 7
225 337
229 113
59 201
17 461
411 109
196 25
143 458
257 171
75 421
447 457
229 388
329 495
311 155
315 29
306 257
61 21
193 257
281 192
43 361
381 413
126 421
419 496
424 73
341 281
316 437
325 481
374 381
149 50
162 454
429 105
293 139
247 384
175 366
312 401
241 256
301 101
96 219
97 406
356 126
249 127
289 181
412 261
79 471
73 481
293 333
481 35
205 241
211 56
461 301
97 348
301 377
498 476
261 85
269 366
481 444
109 91
137 110
373 176
31 162
105 227
305 225
209 91
479 469
13 301
425 307
302 205
356 7
227 141
326 257
201 52
337 325
153 454
255 20
185 381
421 347
232 215
31 151
226 323
161 493
27 9
433 140
475 486
197 231
465 139
165 153
479 121
43 267
126 28
317 65
316 401
194 221
6 176
365 1
257 13
62 295
136 259
452 411
174 33
58 441
191 306
181 375
265 86
145 425
447 345
79 461
313 483
297 245
145 371
51 193
60 406
481 125
137 61
29 45
429 319
221 195
465 20
177 461
133 330
70 137
14 93
61 104
81 437
190 403
145 440
9 320
283 482
169 306
463 137
73 169
405 221
489 389
236 253
65 301
261 429
51 354
385 433
249 485
172 117
299 13
301 343
42 409
181 389
111 172
456 291
457 51
442 285
352 157
4 380
13 185
245 306
226 406
331 481
352 41
225 19
129 238
189 420
363 370
397 291
387 332
349 236
429 245
226 143
72 189
497 364
177 191
27 265
40 211
233 439
399 257
140 281
427 341
241 179
311 70
245 474
46 307
496 272
148 176
463 261
30 485
55 182
251 469
203 329
481 307
262 60
8 233
129 436
21 497
93 347
238 245
179 441
421 373
331 467
473 149
193 451
339 297
396 365
199 495
269 1
481 182
373 82
325 401
76 221
407 219
305 409
125 198
357 150
22 237
257 411
387 275
401 423
303 69
121 437
267 146
461 85
51 346
461 26
409 209
105 390
390 281
231 88
189 384
396 137
317 375
249 205
456 315
496 260
160 433
473 137
228 433
455 239
370 401
361 393
76 21
238 101
261 203
417 267
297 10
252 400
393 377
73 101
201 170
239 381
413 27
45 229
324 185
81 189
341 356
446 30
227 431
158 21
492 346
397 491
419 473
281 270
33 8
97 155
27 425
1 331
81 493
137 77
181 141
497 121
395 109
401 233
497 187
001000000000111