500 2000
146 455
227 79
481 94
205 425
297 417
431 96
17 381
481 175
251 390
93 13
99 301
256 1
145 289
344 52
11 385
271 112
63 191
225 74
113 196
333 33
321 499
421 161
323 153
133 329
408 209
401 68
427 41
319 33
452 464
103 485
447 456
6 485
321 401
489 153
481 83
465 45
301 245
467 121
213 403
43 81
381 348
301 441
290 253
49 349
273 73
209 411
12 257
422 281
281 397
361 416
173 239
167 353
183 17
1 241
337 202
97 453
408 41
35 261
139 269
405 407
363 345
489 305
265 457
3 197
378 315
146 345
295 271
225 141
241 141
187 365
465 91
225 441
465 401
406 267
289 353
306 10
91 346
75 301
111 477
66 376
465 421
390 449
201 413
439 421
81 93
217 353
76 207
413 101
285 351
451 457
476 341
351 181
234 31
316 165
108 381
121 97
285 419
441 246
297 193
340 57
249 246
137 178
193 463
115 24
168 73
73 76
89 336
349 496
286 381
313 342
219 296
272 332
329 185
449 440
178 469
190 297
329 485
489 145
357 85
141 161
211 201
249 169
373 347
153 391
105 480
95 73
457 53
102 269
25 489
8 146
111 197
251 422
161 210
476 131
21 381
251 230
457 459
5 265
242 425
29 241
304 20
83 389
251 266
165 279
369 87
171 397
407 221
118 205
420 404
340 433
487 53
159 25
91 375
15 498
80 197
25 12
131 421
158 381
217 289
242 389
365 368
431 177
1 143
169 157
371 403
415 421
29 261
101 160
36 87
354 183
498 313
45 141
46 24
198 203
472 17
137 326
313 398
33 409
357 43
121 448
263 385
44 62
249 1
61 230
346 369
5 405
42 461
136 65
484 181
105 271
425 181
303 288
247 49
429 71
315 209
266 283
345 157
391 44
245 295
264 350
490 461
471 129
1 89
276 497
181 116
335 245
51 336
351 65
477 205
160 473
193 50
205 81
129 23
55 148
151 318
470 401
21 274
481 449
113 243
307 26
489 212
291 10
147 420
145 123
134 84
43 27
206 65
88 181
379 386
127 46
51 307
155 470
401 105
261 465
93 1
61 457
72 51
268 105
204 45
301 459
267 447
165 303
201 311
445 356
293 209
265 101
395 83
69 469
286 172
375 181
22 217
89 66
91 381
157 289
226 251
165 301
217 367
61 77
345 1
497 327
173 16
380 301
301 437
357 491
461 451
92 300
61 331
197 288
159 279
9 374
107 139
381 404
301 281
181 85
307 415
96 401
441 29
352 315
1 393
301 3
199 239
221 37
165 429
301 205
225 173
27 377
301 82
365 299
25 481
287 161
293 77
52 57
471 229
317 393
181 103
491 151
440 355
73 213
335 441
11 401
407 200
243 361
386 146
357 377
175 262
377 150
210 453
387 242
29 79
485 321
193 211
144 153
235 491
383 302
489 342
403 251
181 401
86 187
163 427
157 451
143 279
311 345
131 426
41 185
307 426
393 61
237 438
37 126
261 346
251 346
52 441
263 121
401 270
414 421
381 271
186 377
411 463
367 447
319 1
51 59
125 394
354 271
17 57
283 445
361 401
473 412
338 321
131 97
167 365
481 213
151 462
384 473
93 257
436 306
94 357
86 1
269 353
166 262
190 254
410 380
189 226
293 8
5 125
53 277
189 291
49 311
435 113
303 59
467 341
51 133
175 411
372 417
129 103
301 226
1 354
454 249
420 391
1 457
285 287
272 489
265 423
1 97
176 201
75 313
37 45
401 49
99 481
301 325
93 11
175 346
453 3
390 56
157 147
440 377
357 439
233 313
321 281
377 279
317 177
229 119
293 241
250 391
185 367
105 301
16 201
303 432
126 6
277 301
13 218
304 242
326 61
86 76
183 201
421 286
126 51
393 163
13 450
121 151
261 418
345 125
343 92
449 426
201 445
91 417
337 5
353 300
201 166
327 221
381 433
78 57
485 237
79 142
317 355
202 177
301 194
51 101
401 17
93 491
53 272
262 315
181 148
180 491
381 265
73 488
481 407
205 111
108 321
289 124
113 42
461 201
177 500
401 101
163 376
209 465
251 354
95 49
198 201
271 41
487 6
283 329
210 13
161 301
453 9
37 61
340 201
181 311
363 217
441 271
283 384
397 195
193 401
106 451
51 269
75 273
453 417
45 201
171 210
213 137
343 141
413 321
346 65
425 191
360 319
281 323
165 497
5 374
229 65
145 101
209 495
84 20
400 229
361 485
240 196
361 11
165 210
416 140
193 282
153 98
171 1
473 13
421 361
421 469
170 251
50 61
128 141
440 141
285 199
251 367
437 161
317 470
213 393
25 273
431 231
36 476
293 37
249 191
226 197
361 411
270 494
441 55
1 61
495 261
387 271
493 459
149 461
439 26
249 137
286 133
276 90
301 104
14 332
31 420
80 277
72 126
329 273
353 71
205 176
361 225
346 271
84 431
243 18
441 411
420 127
325 165
162 268
388 31
247 41
423 485
317 183
221 95
91 270
26 349
346 135
221 271
89 110
308 110
221 39
214 221
60 351
101 301
392 451
215 391
321 51
117 401
9 383
383 349
127 185
47 326
285 176
411 338
156 146
357 385
53 177
50 301
401 251
59 391
5 486
285 195
63 129
395 322
169 271
266 82
315 347
397 229
481 221
421 301
464 441
177 226
166 303
51 81
9 327
398 69
388 210
133 301
287 45
21 257
196 241
149 158
107 251
398 83
149 345
419 156
147 257
103 1
225 35
45 1
151 149
355 211
70 11
137 51
429 131
316 197
286 53
251 286
201 275
101 291
463 101
433 261
195 164
73 175
489 281
173 126
381 129
201 134
130 225
417 381
448 241
197 50
210 421
319 405
411 227
370 345
177 313
251 487
161 417
133 107
215 161
32 161
465 283
109 404
54 381
181 45
29 391
306 468
316 88
1 135
229 135
431 321
421 223
301 229
265 141
489 197
211 71
345 177
487 55
381 467
341 211
149 320
77 157
351 462
43 199
249 417
321 336
341 71
359 96
401 399
69 201
279 291
121 255
240 321
252 47
162 416
240 371
269 129
69 481
260 401
43 423
107 36
257 25
161 155
76 51
485 443
353 431
381 466
129 1
273 413
175 445
341 245
309 139
286 201
458 475
317 277
81 176
205 93
91 181
21 417
176 221
491 43
251 461
90 217
95 401
1 356
307 277
111 1
471 376
114 328
201 452
283 456
229 101
9 25
326 25
355 229
451 397
396 185
301 43
31 9
312 198
227 37
45 77
468 136
241 429
61 72
398 34
401 41
315 269
387 302
106 5
101 201
333 3
281 405
257 497
461 403
247 4
383 298
319 208
493 355
7 206
386 136
185 121
15 57
255 399
444 284
293 313
142 369
493 71
11 442
239 344
1 341
305 117
341 388
327 62
437 30
41 97
139 35
449 199
183 476
251 149
1 192
125 358
269 134
69 232
68 105
436 401
341 249
277 143
238 192
193 357
121 489
452 309
75 311
261 7
407 188
382 490
337 99
421 145
118 69
359 17
402 217
31 146
269 131
213 483
46 85
235 473
64 481
383 1
397 153
329 293
169 39
465 469
286 481
263 1
66 490
281 137
337 93
140 5
451 142
345 163
338 239
162 167
161 81
313 212
33 102
369 373
303 326
31 431
269 429
1 305
461 421
103 467
95 243
139 112
374 436
268 263
169 295
37 103
227 306
311 43
313 43
25 472
256 211
124 345
65 385
15 121
137 69
19 493
365 226
461 281
208 382
382 106
14 341
281 181
346 189
261 115
303 313
421 431
221 175
278 151
150 149
385 361
161 3
117 331
7 213
131 11
41 483
70 75
120 249
467 345
185 66
159 423
412 357
356 293
229 366
293 237
68 397
492 282
61 129
55 484
391 365
46 121
422 337
271 421
381 121
339 133
110 261
464 299
203 245
477 126
68 361
481 323
276 29
104 56
10 329
422 261
365 98
353 8
164 47
457 219
133 445
101 205
376 169
116 153
233 161
391 81
161 341
463 45
247 449
333 46
497 211
173 377
77 291
201 41
426 411
121 67
331 376
276 461
392 183
201 83
157 134
247 23
376 11
453 353
471 401
45 409
83 178
109 55
330 105
258 451
162 429
269 361
315 201
191 334
253 210
66 243
151 173
485 192
241 165
70 304
147 477
496 477
155 60
381 441
175 406
81 292
235 271
38 428
205 431
401 71
410 321
391 393
165 296
205 443
57 381
432 60
224 136
271 451
13 190
323 324
161 160
1 233
420 459
401 1
289 285
126 317
250 461
465 249
156 71
167 45
339 41
47 280
241 213
63 157
306 237
365 109
247 484
495 132
401 369
3 149
433 469
461 325
457 5
239 7
434 101
497 161
137 111
431 307
281 411
31 250
361 293
177 82
373 115
299 219
296 248
473 421
431 57
91 361
177 483
328 85
11 381
126 495
439 46
257 162
207 321
197 275
111 469
328 144
468 244
282 235
213 146
425 259
1 398
250 109
417 286
299 265
157 361
405 415
137 473
113 456
309 53
307 109
77 154
273 323
264 389
266 422
432 305
265 407
166 126
41 317
56 143
51 385
364 245
335 37
140 401
486 493
331 31
205 435
477 421
261 461
61 225
377 338
323 437
76 196
4 133
21 181
251 373
51 421
47 301
346 371
249 391
181 485
65 370
439 351
51 25
481 265
441 251
479 269
338 357
341 119
381 221
44 21
348 124
120 373
393 167
200 347
181 184
481 456
289 436
151 81
55 319
382 381
151 367
237 14
85 231
255 158
161 486
107 66
54 493
101 141
13 365
474 221
151 171
255 133
271 479
91 161
451 430
473 126
461 178
369 341
296 201
481 311
35 90
157 353
161 434
299 406
279 175
191 325
101 340
173 229
117 6
226 487
73 121
79 331
185 154
181 465
396 151
341 173
206 365
301 361
289 240
400 358
473 51
27 344
211 235
174 73
485 206
413 489
120 496
371 375
239 1
249 457
117 411
202 1
451 337
475 141
95 141
409 272
257 277
291 149
238 233
141 177
103 289
412 306
321 439
145 343
11 96
233 265
231 269
1 6
212 393
70 389
413 16
33 389
285 217
277 101
331 485
52 320
13 315
450 111
1 215
426 158
317 97
69 275
400 105
20 101
76 213
281 277
382 351
141 175
329 433
53 467
105 166
14 421
79 341
194 56
121 153
7 311
345 477
326 384
301 491
166 420
25 441
269 413
281 433
363 460
205 85
103 449
181 246
371 333
371 297
173 254
286 9
205 231
213 381
323 339
308 301
266 135
497 401
340 132
217 61
22 135
291 245
295 481
212 187
189 250
235 21
201 1
181 207
459 137
385 401
126 301
372 173
57 161
325 136
473 61
359 379
426 217
141 451
449 293
83 163
6 129
209 7
173 426
265 70
291 474
230 494
241 236
117 451
416 119
389 39
375 235
41 33
431 71
195 134
225 421
158 135
275 497
253 136
385 439
371 389
223 359
221 275
336 157
183 303
159 321
254 266
351 461
321 29
325 131
51 200
478 496
373 111
27 221
285 69
421 61
67 431
481 228
301 391
453 376
426 199
325 50
3 391
461 72
28 221
300 78
120 448
85 266
241 69
471 156
113 31
77 269
117 253
314 310
168 299
477 349
335 261
178 301
444 315
461 221
379 173
429 336
336 395
181 49
217 351
340 172
191 297
174 189
201 347
317 345
107 326
274 321
191 181
1 376
473 365
137 496
1 181
146 161
52 345
278 261
257 355
1 51
337 193
497 179
79 381
149 371
329 234
45 69
421 471
221 205
393 287
485 76
112 289
266 205
198 39
183 327
462 131
298 321
21 439
41 481
1 251
209 26
489 403
37 43
371 65
261 386
351 153
66 334
118 499
401 237
337 96
57 487
191 194
29 433
278 99
4 437
161 471
145 171
285 478
497 331
15 4
223 339
301 448
125 121
457 396
45 431
182 81
465 56
55 362
113 227
453 259
11 393
334 206
326 391
472 286
361 427
411 91
1 46
135 445
321 165
91 248
205 459
102 147
281 305
176 215
252 349
374 201
1 26
294 56
409 53
171 451
253 171
446 133
361 387
29 185
478 76
310 110
393 471
46 357
261 98
262 479
165 19
141 89
381 201
85 241
470 215
56 183
187 459
289 439
417 461
207 159
326 241
362 229
207 63
408 421
200 428
352 463
86 161
381 401
201 137
441 494
1 125
489 12
5 241
193 44
1 374
339 71
225 47
361 65
296 411
141 111
202 391
225 457
212 1
261 377
115 313
47 273
221 245
204 473
201 293
241 169
441 291
45 369
178 148
413 197
256 111
449 310
205 183
417 213
71 237
29 366
187 324
237 5
465 173
351 237
442 233
104 137
477 300
157 229
293 400
301 401
349 225
161 453
336 8
51 472
289 101
207 215
449 12
221 51
393 111
405 301
257 216
416 446
159 1
249 304
413 209
52 385
283 145
65 61
76 201
241 56
431 210
109 166
69 15
277 441
443 185
117 421
401 483
321 311
221 163
212 246
401 130
77 311
245 150
267 193
173 398
79 18
358 185
69 429
381 51
245 82
365 251
21 326
144 388
321 57
21 393
105 133
151 341
261 145
447 183
315 301
253 41
186 189
337 211
253 351
381 245
225 398
448 385
301 473
25 351
386 227
324 418
214 84
261 97
427 1
351 161
57 268
166 401
78 491
353 121
372 250
275 259
288 201
221 251
405 344
25 431
393 220
149 241
25 172
127 169
418 183
237 226
273 131
209 421
444 291
459 455
85 96
220 457
81 201
266 366
326 372
241 443
31 436
493 369
493 239
113 436
421 173
405 291
415 341
79 401
265 47
1 396
409 143
135 306
315 214
149 269
399 237
311 33
291 51
289 281
169 171
472 305
481 136
317 491
89 159
461 121
253 69
293 310
182 27
301 51
414 472
407 181
141 63
113 358
33 90
416 301
326 291
231 55
324 101
385 180
11 78
221 211
149 497
176 333
483 144
280 366
321 245
14 81
39 166
201 321
267 51
44 146
21 53
281 245
51 469
409 246
492 198
363 17
48 105
267 205
89 421
17 325
444 489
241 427
325 46
451 319
401 171
251 265
391 101
413 309
199 485
383 287
291 171
11 213
355 35
301 234
285 445
163 296
496 321
161 5
481 339
473 135
31 37
181 331
1 321
393 293
453 83
407 195
98 58
101 161
153 355
337 187
351 79
62 331
148 403
493 307
367 139
346 111
421 485
357 163
1 491
449 381
123 408
31 257
296 433
214 181
151 492
167 111
435 191
54 477
107 333
347 1
152 53
69 281
412 21
313 109
41 89
286 436
106 11
81 247
391 201
491 66
441 273
407 1
56 81
343 121
23 133
491 417
337 431
5 246
37 445
157 24
121 105
421 205
407 249
349 343
87 437
361 76
428 489
241 280
193 115
497 202
376 121
171 65
294 296
93 496
273 417
252 266
69 1
149 411
141 201
217 51
79 313
222 33
469 453
137 391
301 150
481 91
81 191
103 57
1 317
137 271
464 149
437 426
413 185
261 361
51 366
177 1
473 201
13 337
481 15
415 493
99 29
431 245
300 254
71 132
381 241
397 121
443 350
87 157
47 221
445 300
123 357
412 233
167 331
116 143
187 156
190 329
161 381
166 47
311 169
230 439
209 359
281 381
227 361
11 327
31 448
112 72
119 153
407 330
169 203
73 51
143 261
201 301
77 477
143 21
461 311
153 499
217 117
62 481
235 474
381 99
106 283
281 415
183 81
251 218
333 306
420 225
353 153
373 7
419 191
9 76
153 61
269 29
467 220
317 238
357 5
138 9
41 1
65 349
481 327
45 486
145 401
301 109
366 381
455 365
409 441
261 5
461 327
471 293
417 20
491 121
221 241
217 345
55 126
192 386
497 172
49 371
351 396
221 97
279 472
225 446
387 310
178 351
204 281
351 9
161 376
16 289
173 94
272 212
57 145
347 41
465 134
276 353
116 419
421 253
297 289
397 5
343 197
231 403
442 409
98 271
377 225
77 194
77 398
494 401
201 184
73 385
62 329
76 161
182 125
17 225
486 221
454 45
267 285
81 349
125 381
153 433
241 361
295 143
469 293
80 477
11 469
21 495
489 93
80 301
46 177
481 453
262 461
46 309
145 437
203 476
317 442
157 22
41 169
271 476
387 236
355 177
291 17
133 101
126 178
269 440
289 6
66 13
329 457
121 171
161 106
133 52
416 221
33 315
273 165
38 229
261 219
412 323
143 79
495 57
396 434
177 441
165 291
297 251
206 251
339 311
104 248
443 316
412 401
169 164
329 341
315 490
221 488
71 476
69 305
37 269
56 337
463 401
361 289
96 310
395 230
481 413
347 457
235 301
108 125
84 476
345 391
267 413
29 25
147 191
29 85
342 55
461 401
421 45
320 293
87 113
227 342
253 385
467 493
81 417
401 141
221 109
105 135
325 124
434 409
371 481
241 445
445 116
416 121
141 50
21 161
97 285
113 17
61 406
376 191
441 59
23 427
140 351
137 142
61 321
500 392
164 493
121 61
214 174
167 106
34 436
13 445
157 401
271 157
242 111
111 453
331 357
175 45
376 386
351 71
401 325
269 357
71 326
11 117
173 78
397 231
326 444
467 145
370 423
41 469
429 337
16 361
326 195
369 413
349 289
348 456
491 249
481 198
221 121
371 126
42 341
425 305
61 345
296 381
373 361
469 381
341 39
62 446
439 448
54 35
472 157
481 231
77 483
171 129
219 368
305 461
161 489
221 469
284 221
49 155
46 437
161 226
78 251
76 369
292 473
401 282
39 251
377 25
416 341
151 111
457 368
51 281
389 497
41 258
428 95
77 425
401 462
309 391
176 301
333 321
33 343
261 65
450 189
209 321
216 71
27 345
351 229
225 23
305 261
477 166
88 210
367 237
101 412
339 437
441 423
106 341
427 171
451 297
11 305
267 165
80 245
423 376
35 338
420 358
221 425
497 385
210 117
201 43
347 81
323 283
304 124
225 224
195 121
61 161
188 81
261 395
451 287
241 401
121 271
177 417
241 145
451 441
00000000000111000001