2000 4000
1343 1137
337 131
1865 377
1086 759
1281 745
1629 1781
1041 1841
355 333
1717 876
1063 289
1954 9
545 1930
1617 103
1237 809
806 729
251 785
535 1233
641 877
1193 115
646 81
1471 233
13 1189
241 280
753 1117
397 301
1449 743
83 1664
1261 1521
1 1579
1812 1473
1507 291
746 235
529 473
9 1555
261 1161
749 1701
284 166
30 481
161 918
761 1273
185 565
737 225
577 1681
1681 1001
1585 345
1053 1238
451 1
1773 63
451 977
707 1069
1356 930
81 1512
479 137
1397 682
1561 186
785 899
811 1931
1518 1461
565 1112
1758 1921
481 29
549 1096
737 1571
461 106
1361 1961
1521 1931
209 1801
489 131
525 437
837 559
625 1217
1308 1105
1232 1926
906 309
750 305
1692 1070
1701 1791
65 251
95 71
1435 457
1817 1441
1501 645
1361 1045
601 1456
579 1250
1311 1111
81 973
965 1626
948 395
393 1921
277 1761
1004 1911
229 367
1507 123
551 891
644 101
1719 1915
1905 849
1873 1353
741 1867
1910 1326
529 1545
225 1373
421 1216
1569 1497
489 361
1809 273
1653 411
969 1709
971 1223
601 378
177 1260
561 1616
1301 126
1601 145
285 984
1191 178
649 311
1201 554
1997 36
1421 543
1417 941
1973 1704
781 1
1513 1141
753 101
1364 92
566 561
897 693
801 1129
561 1053
1667 691
977 993
597 616
1701 1189
971 652
571 1251
1741 1688
1715 1502
996 1759
221 273
1081 193
928 221
1415 725
1155 669
151 253
1670 1025
1715 840
829 1253
1667 137
656 255
905 617
1329 783
923 1973
1775 772
941 389
1895 1132
747 1457
1865 363
1837 1721
969 1535
1301 1171
805 1601
1761 427
1416 24
1049 187
1625 161
1726 623
5 489
1513 2
1841 1037
228 479
1233 1515
1 1632
233 1129
1339 1809
1553 790
910 1921
986 1992
183 989
939 176
1581 921
341 1509
306 626
767 1761
1355 771
1716 386
1401 931
1297 126
792 1961
425 313
1417 1476
185 1001
311 251
552 555
1010 1097
71 1921
977 806
392 1169
1617 497
593 467
1321 629
763 113
595 521
1755 1981
293 421
1401 973
1770 1566
1441 1711
531 1773
577 1246
1177 1037
1151 446
1993 1871
1201 1270
1141 101
202 1311
481 1122
1055 1669
1028 1959
297 1637
958 901
245 49
1874 1078
289 1736
1483 1101
1125 1249
1493 573
1583 945
1769 561
425 325
1937 1226
929 269
449 385
1009 593
913 729
1886 1865
793 1514
801 1639
635 1849
1396 840
1483 305
829 1051
441 675
347 95
331 1927
117 661
401 129
1249 751
1969 569
1911 1596
733 1595
1376 1745
1789 1877
360 603
822 1517
581 1441
1533 547
1345 368
1432 874
1826 1486
1201 471
1261 360
1985 864
1896 1089
745 561
818 325
726 1816
951 1677
863 1951
273 1261
713 616
350 1473
1201 281
1821 1049
419 1952
1020 1917
369 253
1462 569
745 273
791 1746
297 1053
894 1399
897 1635
949 446
1025 1216
753 675
715 209
201 14
737 1521
1342 697
616 63
117 631
273 537
1498 979
238 1145
393 1425
1183 906
1709 1826
1302 393
1501 1609
1736 641
952 1151
1237 1988
1434 723
1031 1232
774 823
961 1237
1501 1566
798 1807
1787 1937
315 1346
801 1376
588 1647
990 195
338 251
749 774
1036 1211
1996 1026
865 1641
1590 33
1441 461
1721 1971
1111 1530
305 889
1351 1771
593 521
104 271
695 109
1046 1164
1135 1101
105 1011
902 1766
1117 437
1073 1285
1912 1481
1361 1844
1945 183
227 1073
1465 179
1521 491
1929 1763
1635 1961
1917 1597
545 226
967 681
1099 1023
977 921
421 1573
1752 993
1216 1828
499 226
481 1936
1976 1045
425 1251
1713 366
791 1381
1089 512
501 364
675 671
371 1253
1699 1211
1425 385
747 1369
644 1039
1418 331
152 951
1953 1041
583 689
1223 609
151 821
322 41
1176 1976
1834 1419
139 1036
506 1576
1520 1164
248 476
1167 509
1441 622
973 782
513 1226
989 310
511 1761
209 1114
1469 1806
1321 111
1929 1110
1861 1385
1745 1079
1801 1526
429 1289
436 1793
869 343
561 857
397 1539
193 1587
651 175
1652 881
473 1765
1937 1097
359 1425
131 104
1198 1465
419 1491
1486 47
803 1873
1385 673
1440 1901
529 13
424 153
949 972
1333 321
1537 441
909 1115
62 895
476 1395
1760 1004
1078 701
1273 1107
409 81
1386 1317
1601 917
41 1591
1817 1489
1014 1961
577 1
417 321
1815 246
1294 409
1889 1281
1801 101
1039 1233
421 765
1891 1843
991 417
996 419
639 1503
851 141
639 155
1185 206
163 161
983 1828
181 521
1190 273
526 901
1038 311
209 1479
1729 381
677 330
1421 827
97 1037
1768 801
1922 153
849 739
181 1697
642 1575
1 1735
1197 384
553 1135
1645 1025
618 46
1481 1233
1347 65
877 1289
1782 653
1401 1596
475 1447
236 1
973 1921
1858 1985
1321 1277
817 1997
1553 77
1424 71
1213 924
1167 1744
1601 1239
711 971
375 686
1129 929
217 1530
1004 1281
423 1801
1794 66
1841 1626
661 1251
281 153
1169 729
193 26
421 938
13 1665
257 1164
1743 421
65 1461
1321 1451
103 1151
924 645
1457 585
1544 944
675 805
1289 280
151 931
1511 1361
1153 811
1698 151
496 1345
201 1211
335 1354
831 1129
469 1800
1937 1221
791 671
763 877
401 1001
1521 1401
391 798
117 1645
1894 649
401 1623
592 396
1809 1095
316 1144
475 1029
999 1959
71 1117
1539 1477
701 1040
1415 1297
1299 809
281 285
1095 1181
1431 1945
1075 937
957 550
723 1423
626 943
721 1219
31 471
301 719
1836 101
670 691
1586 689
875 889
1879 509
1276 223
609 1588
1461 953
1942 19
64 305
451 1315
1351 945
1491 30
784 423
1009 977
1399 261
1061 1778
397 501
995 1113
1847 81
346 621
1057 1738
1791 636
285 501
793 1373
921 39
97 465
1373 1901
1604 988
1260 331
983 1733
431 1531
1052 190
489 527
620 691
441 1408
1517 929
41 211
106 1253
49 135
1649 1941
866 1541
1157 561
57 1057
1651 703
81 1797
1101 769
1467 1651
1713 1123
874 913
1139 1483
131 492
1376 1084
1900 929
334 1777
1806 84
1856 1501
177 1129
1875 1001
496 761
1454 915
1633 1913
949 145
1545 717
811 1231
1836 236
489 1056
1441 421
1941 429
1497 479
1563 1451
1122 708
1031 1854
1656 1827
1038 1020
1789 1641
637 1621
453 235
1068 1551
141 715
1603 1485
397 1951
1177 981
1866 605
1191 1393
1889 201
604 709
1521 1281
656 496
1361 851
1216 601
783 75
371 1081
539 1921
1401 1283
255 91
513 1513
1169 564
1529 1925
997 353
673 1071
1468 927
1521 1001
1985 313
1841 1001
1601 971
1695 209
1285 1279
853 1274
751 1066
536 579
1530 130
107 1171
1378 1721
1881 1905
386 1200
1849 1129
81 1256
1473 1917
1781 348
1642 721
154 615
1313 550
806 1601
321 881
1853 1741
318 714
865 1937
1784 1227
745 819
489 961
925 885
805 409
993 761
1470 1550
485 1681
1053 1841
98 1035
701 1697
1807 727
865 985
760 369
1053 1851
1453 701
1801 1525
61 1251
1971 413
292 107
981 1821
1320 1739
351 1381
1653 871
1487 257
1817 1911
1845 745
1603 466
1487 1416
1597 985
1261 771
205 1639
1134 526
1161 516
561 1631
1109 1019
1421 909
1835 1178
1823 1097
666 1081
1693 673
1031 1609
1061 967
807 1829
1801 1553
1793 826
749 117
251 1799
753 591
1384 1429
1669 124
1281 751
146 1341
865 1191
1157 249
1696 1210
1541 1312
1699 1141
1229 1990
1133 513
1423 1520
1709 152
1021 1706
1601 1401
1417 359
235 219
1898 239
1251 1169
1425 711
1 1241
81 628
521 930
1940 1522
431 1777
1260 539
421 948
609 441
1953 1533
1866 1729
1885 1501
789 801
1363 1213
501 1946
1347 945
628 1812
373 753
469 1536
1350 551
1695 1183
1617 201
1965 1325
113 1186
899 1785
778 389
1801 1689
325 1377
1005 1204
977 605
1364 571
1153 1042
9 1081
376 209
912 1771
1033 1037
1676 216
1931 1901
1076 943
1537 1481
1865 1229
1935 1443
1484 379
1911 1457
829 289
1933 1881
1261 1051
1718 1347
46 1519
673 95
1917 1011
1249 1591
776 855
1433 811
962 1757
1 405
898 99
665 1905
1709 1001
969 921
1557 611
1486 901
1367 1829
1926 359
835 405
1961 577
1989 1046
677 1541
1121 841
661 1710
1925 1501
1985 337
1629 695
1171 1157
680 445
1555 385
93 235
1300 481
206 1429
1569 913
1645 657
551 1619
201 1163
1126 180
509 1680
1651 1419
1327 1361
1201 336
1311 1611
1361 1655
833 1879
1669 1133
1481 1237
849 1346
1029 869
1767 997
1466 1751
1765 1319
339 781
1435 1218
1921 710
637 999
1098 1801
497 1700
1226 1002
1503 1453
913 861
1887 1381
1651 849
1552 1641
721 1244
55 162
1159 505
1346 961
1319 1941
1961 1597
1945 1181
453 851
1201 657
707 1395
1578 1959
1405 476
221 1701
1491 361
1326 1917
1281 750
1649 1345
111 444
1717 563
945 144
1405 221
812 1916
1256 685
881 1866
1235 1906
1066 567
1708 253
475 636
1419 702
1074 336
1327 947
1121 393
1129 1673
127 1955
845 1361
1931 949
681 197
105 595
1453 1958
919 861
1481 317
621 959
807 1861
1293 536
1225 1377
1645 1001
882 203
1876 1066
1211 851
1057 1086
585 1641
1740 1173
1359 138
172 1705
932 1614
939 569
681 1326
911 1689
1511 713
368 309
442 1125
1361 1857
1739 541
723 151
1299 769
538 1977
625 943
131 1778
1437 83
321 1401
1565 1533
219 1931
305 1109
799 225
545 463
1201 641
566 1604
347 805
1927 489
655 777
122 1557
322 995
1399 305
1040 1
246 1937
889 333
1671 1569
1253 1543
52 697
592 139
225 1901
909 346
1143 266
1201 1367
1889 281
572 821
664 1481
1473 1745
938 1358
390 573
1545 41
1290 577
1265 225
1417 543
1953 46
673 1561
1181 113
289 706
785 145
901 1936
705 1153
161 849
833 1819
426 1857
1694 1507
1731 511
1067 329
1047 921
665 1601
845 865
309 901
1703 1919
1836 491
1361 1740
856 278
1759 1553
941 1905
561 841
111 636
1241 1505
1075 1051
801 1686
1575 1409
1771 1525
1826 1529
305 771
1629 1429
261 1745
1726 340
1736 1286
1411 1391
1782 1983
417 577
1981 1001
373 1529
606 170
1 1519
569 257
1601 1551
305 260
865 1282
677 401
1313 141
424 1262
1494 233
289 893
1766 1553
1074 1779
321 294
1845 1432
910 549
1195 1313
1896 1470
1863 281
434 1921
85 826
354 1729
1226 257
1985 1263
1898 1121
1251 57
1601 1713
196 1546
1219 511
559 189
305 1314
1356 63
1257 501
176 1505
1921 1215
1473 1009
416 1493
545 681
816 929
1955 1350
1901 1183
1776 39
997 321
563 1753
645 1756
1410 1366
246 1109
1823 1161
1536 484
1179 523
1953 1817
1351 371
961 1466
1915 1454
1457 187
571 1479
355 1889
1541 1162
208 1352
1175 1621
733 250
649 891
491 1581
1273 1311
1851 1497
1686 865
405 891
823 975
1893 1926
505 81
747 1155
1601 1105
1076 1431
141 1633
237 961
1665 81
1568 1701
826 1741
389 548
251 1261
897 1286
677 97
413 561
1788 1
1035 870
841 1201
325 1893
1497 429
437 192
255 817
1140 409
1486 423
1065 87
478 223
356 1553
227 601
1537 669
1219 217
1801 336
1827 316
1989 1768
689 541
621 766
1856 1534
1587 1137
1601 1063
1451 371
1051 1521
1827 839
457 513
362 961
1941 1764
261 1529
1001 850
593 908
1297 1
1830 1
1230 479
1395 1581
513 1921
745 516
1253 1166
161 236
1141 751
1998 1021
1401 1023
51 1833
897 1937
1733 796
1997 1415
537 1201
1431 70
1353 1845
415 458
876 81
598 1476
995 1167
1626 1218
1173 1367
1161 1201
259 631
1351 1185
1698 1721
1529 1313
401 785
299 1601
1230 396
211 1991
823 1651
1041 727
751 969
1517 1272
161 713
524 975
785 37
191 390
594 1518
1102 1736
1036 941
853 1705
379 1453
556 1029
1477 769
1713 862
1882 1405
1156 473
521 1185
851 451
1755 113
64 440
475 1373
366 201
1041 697
451 1935
951 78
56 831
833 1573
1176 1011
1167 121
1421 497
1705 61
841 483
1625 1
826 1438
799 1937
1721 1203
389 419
683 701
1891 1729
1501 635
1047 1341
167 1609
801 1572
595 1459
1573 801
1129 537
1767 251
1226 821
307 1889
1418 507
497 1577
1161 353
185 284
401 1153
820 1463
1105 46
1309 1398
13 721
73 41
1329 1652
961 285
1821 1190
1807 893
1631 363
1191 651
1461 1537
549 37
750 1976
1907 254
201 1725
97 1201
793 813
1861 437
1490 1056
196 613
1 1306
1692 1463
1868 26
1177 148
517 1943
1321 1361
1 353
101 1753
681 1704
1067 836
221 1241
102 1976
623 1626
1956 773
450 1665
1363 1775
945 1333
1406 876
1601 45
1741 495
297 1248
1921 1083
221 1874
1746 481
536 1707
341 607
81 1126
1891 1506
336 711
261 1754
373 197
661 1050
1566 233
561 653
441 1147
193 1281
1084 747
529 1393
1001 1943
61 1885
1951 241
1977 351
633 198
756 1953
1329 1202
675 121
314 735
181 1581
684 1469
955 1712
1335 1105
676 777
1809 791
596 1176
286 1144
124 1568
1589 1851
1681 167
1714 591
251 857
633 617
1599 41
1021 1216
543 346
136 347
1725 266
601 209
1601 1795
940 1461
1903 135
1067 157
1557 1934
1747 406
928 391
281 1001
493 243
1269 349
762 241
1 1773
1243 765
870 1985
1921 1861
1777 616
561 945
1783 1507
481 477
1335 1099
68 1131
1831 1979
693 63
346 1980
1275 1017
1341 642
1103 1611
718 1673
1731 451
1291 949
1001 1117
1041 1053
1973 725
1871 1638
1821 1007
1605 1929
1359 1260
931 1359
313 1195
849 1761
1781 745
1967 1741
113 1821
1821 1945
1457 1053
85 285
1283 122
1957 426
67 426
725 905
208 281
663 1479
641 563
1502 746
1535 971
1373 639
61 1719
391 965
56 1483
1191 1021
186 1533
45 649
341 1433
1665 120
1602 1314
1121 1675
1401 1325
303 1021
917 1853
1037 885
1657 673
463 121
425 1529
1682 1581
1407 169
905 1013
1697 1841
753 1576
1650 1301
161 162
101 212
561 743
809 1356
510 1756
1937 325
1583 1696
816 481
955 230
1097 1681
1426 162
676 1581
725 112
1878 1113
1397 1521
1625 1734
1937 1321
209 695
481 689
441 736
511 651
519 589
1617 501
1456 140
1226 1336
311 50
457 1420
526 401
253 1915
1458 1425
1260 1182
119 1299
1891 892
1197 437
1297 983
177 1171
678 569
1391 1853
1057 1669
103 709
1821 775
597 607
261 419
922 257
1553 229
1929 1481
895 1193
715 1605
840 1291
1492 509
1341 1301
1409 897
1081 501
1333 1341
1968 1945
1581 790
1856 521
903 1127
1 1798
1591 1537
1919 626
1921 1761
153 1781
75 102
405 1180
1432 1594
1558 969
35 1774
440 1901
1609 470
1417 21
516 110
1741 345
1693 649
1297 216
485 1876
965 1875
15 95
633 1473
1584 167
1901 1
1886 705
1921 1517
501 625
363 1405
521 1333
1005 1971
294 1248
1716 1490
1728 1281
1769 1952
1425 205
213 1269
257 639
1940 1363
13 1388
1045 283
81 611
657 1466
1233 327
209 1221
849 1571
1517 966
1313 1779
1729 347
1902 641
1019 681
487 253
1286 459
1181 876
113 400
245 138
1011 1377
106 86
700 1861
1943 103
889 713
1297 1745
1163 328
1329 1541
1008 1301
1111 1709
1201 803
1129 1939
1393 1406
81 1681
543 631
1104 339
1797 1210
1876 1441
1771 1022
641 1043
1457 165
1961 421
1525 1297
481 1323
431 935
1913 806
1761 13
1963 906
753 1421
1839 797
611 709
293 1741
871 341
846 153
1849 1873
273 1313
1453 172
1805 566
1681 1395
1841 759
1545 1229
1430 466
596 411
49 1214
1173 785
713 1186
1288 433
892 970
1151 380
1515 501
141 1221
881 1981
1121 563
1151 1939
1121 686
1793 1076
1427 1700
888 785
337 1146
1056 1743
927 1222
926 1399
1320 602
776 1581
734 408
207 1569
642 257
1285 1813
749 1019
1209 71
1820 1137
1713 180
1259 428
1541 1570
31 1001
1101 1358
739 31
1943 1545
207 1259
75 597
1648 681
701 388
1519 1236
445 15
455 1443
1868 931
1355 1005
585 265
1303 1
527 531
961 1956
1379 1321
385 849
1681 845
492 871
677 961
1605 1291
732 1833
1799 1053
1033 1025
1261 1885
1201 1013
877 867
1329 1031
1323 1391
1337 39
136 29
1241 747
709 610
353 163
1301 1473
1653 1146
1352 1916
1949 751
1089 757
191 521
960 409
1876 711
1019 23
569 1256
601 157
581 1516
261 706
1073 1365
1521 461
1133 59
1329 1793
177 1367
1793 1
1069 145
521 1905
601 898
240 1969
997 1566
305 1909
138 479
1749 485
593 547
421 1576
545 421
1479 891
1332 1635
1834 811
1466 1693
1049 1626
1723 1257
373 360
1138 685
241 125
69 1668
1060 124
1601 1356
1375 661
1421 201
1751 1545
1137 445
1544 1445
321 1
701 1923
1976 801
1516 401
1 1412
1458 657
765 257
839 1629
1251 435
937 91
1389 818
1817 797
232 983
353 1000
269 1437
1407 328
1671 1486
913 1117
259 1590
1129 641
1416 1364
1725 1276
1101 1175
1232 833
1961 1079
501 1221
1566 33
771 1289
1481 1965
1201 649
909 1963
1732 1985
788 1205
1226 7
806 1101
1173 721
15 1869
321 1553
92 1280
1435 255
1521 1576
699 543
1223 1999
1697 738
591 1881
609 1081
1764 33
334 1145
1811 479
1396 920
1323 1806
841 845
473 1276
710 1301
1100 348
1170 1125
1278 796
805 1693
561 611
1005 357
1321 1757
871 501
265 1270
1705 1869
1426 1855
422 1456
577 1417
1860 1745
1857 279
251 896
101 478
609 1191
825 1397
457 545
1513 493
1083 28
1160 1893
423 898
1533 1707
1490 1561
1521 1553
375 1426
957 1498
1901 585
346 803
1921 1927
7 941
1665 533
1749 429
1317 1684
676 1851
1493 1329
1718 113
609 1225
861 1355
193 317
1953 905
1723 1725
1983 1123
861 317
1339 1659
226 881
321 1457
955 1449
78 1880
897 1288
1399 941
117 1773
1513 1569
1316 1458
1001 1177
421 1
1821 1219
1243 1851
1161 862
661 1101
747 1475
541 537
1502 1281
9 705
921 145
1584 442
1837 1625
641 445
1161 1440
202 305
893 1672
1770 447
1699 361
1023 301
865 485
1397 1751
1839 1621
337 245
1097 1967
385 927
1900 1873
1201 1041
729 1525
1219 521
1301 509
369 521
184 267
1 539
1471 1039
684 441
309 1543
1631 131
45 179
641 1789
1329 205
617 205
534 474
1049 720
1889 207
297 1891
1473 1781
289 951
1751 1561
1351 401
76 1425
1153 1152
176 313
1421 1751
745 1469
1157 1516
81 567
1541 812
993 1888
510 1473
441 1497
817 443
956 321
1737 1265
1094 701
960 45
103 1941
437 1485
837 1061
1879 212
269 396
161 1649
1929 1913
1656 141
398 802
1377 1233
1333 1281
229 1633
769 1735
1971 310
1890 1015
855 1541
1093 751
616 971
669 1421
986 661
1209 1580
1321 1073
1 346
501 67
120 458
1137 307
1 1980
1052 1443
587 1701
436 92
1075 1719
345 1725
369 1601
465 1293
1810 440
207 32
1695 1601
1371 285
1174 257
1847 1641
1256 594
1841 1277
1260 1724
405 701
1101 961
221 1397
295 1109
1133 3
424 289
1377 1
1146 1083
1096 963
1377 691
181 578
1013 1996
105 557
1557 1041
1193 1089
1309 31
961 1123
1199 1134
1935 161
1763 761
37 1082
516 797
753 849
1555 796
1716 451
566 1973
1041 411
1421 1601
1614 1001
1969 401
31 1401
196 749
1145 1777
1951 1181
736 237
1726 1275
1381 1777
1658 269
962 423
1161 1801
451 279
255 786
127 1481
1861 1481
1409 1341
1165 1631
913 1803
1829 1541
145 555
1513 1617
2 449
1141 1246
771 1287
1921 231
1551 915
993 449
1273 377
411 736
1238 1501
1441 1875
272 81
1171 1858
1653 729
905 1229
365 641
1931 1334
1875 1077
1866 741
869 685
523 1649
783 849
1119 1478
1393 1402
89 5
575 1951
417 946
269 1885
1126 1041
842 1463
1571 1713
1789 1141
1549 1521
1025 1676
1626 1001
1416 5
1663 811
1951 1041
1087 641
1565 625
1521 203
1729 681
1793 1601
1851 1271
712 992
1701 395
1251 729
1581 377
660 1489
722 41
1303 459
1161 1603
554 681
385 1825
306 949
1893 1753
1511 1849
977 593
541 1077
242 113
1107 1481
1874 1751
345 833
1339 83
693 1266
201 591
765 539
343 1953
369 1874
636 877
196 1543
42 1406
849 1315
1053 573
451 1020
1811 1201
1345 1496
467 55
1072 531
1242 1393
1442 201
1905 1293
1091 1012
967 1431
77 1205
1155 491
1861 102
1811 432
137 584
866 826
576 1001
1449 274
1196 275
431 1073
1283 289
1584 1313
1781 3
851 175
1031 1227
1205 477
551 1138
1325 853
1951 921
865 1871
509 51
607 1483
1476 1126
1500 1618
1141 1352
1031 201
1613 1257
252 1713
1652 1571
545 30
1899 1895
205 394
317 377
1805 1166
1161 1885
385 1171
1193 1517
6 1297
1561 751
1907 365
409 1242
1011 375
407 49
1556 593
546 541
573 1871
1960 1073
217 1804
1232 1228
1181 1539
769 951
1065 1989
1093 1769
65 314
785 1140
401 546
1201 276
1949 1264
1683 201
1441 1031
631 1189
1203 272
1301 1251
1603 1656
426 1669
120 261
1313 1993
1494 1839
1657 13
553 899
1843 149
1551 1281
333 1426
1761 1420
550 521
805 1397
441 1691
1281 1462
1953 531
1803 1708
395 1835
1653 1048
282 1313
1661 353
1996 1532
1783 1352
320 1745
1750 491
1823 1073
296 1908
1591 1476
1709 522
221 105
617 821
1161 1664
253 27
131 721
876 1001
81 750
185 905
719 769
249 655
1820 1888
1785 1281
823 1701
1105 1625
643 663
317 1982
167 897
1241 891
246 263
816 1626
1825 1999
1951 1744
1537 821
1737 603
171 1149
49 1229
1686 817
1649 492
1430 733
242 281
341 709
1593 1244
1409 710
1541 1187
669 737
900 1617
1011 391
1036 1669
1377 803
819 41
993 1233
1665 825
758 1351
1637 1903
1063 1297
967 1775
1821 1174
25 821
1635 1210
1411 1809
9 896
824 1441
1585 1841
321 1040
1435 947
366 1281
1298 1044
877 1625
1132 1021
399 1861
1001 177
1138 1926
548 206
125 24
717 1003
1513 1401
1275 1301
608 301
1101 1891
1573 409
471 1890
635 151
1151 432
881 641
1400 1358
1977 849
161 1041
801 1207
1963 81
769 1761
1861 1143
791 1975
568 1646
611 1173
289 1957
1699 1489
1033 1487
101 103
1080 1233
1465 24
781 1091
682 801
591 869
1937 1897
1085 900
1121 1637
888 1590
201 461
147 1214
557 1355
91 1760
1873 821
543 326
1777 981
637 1563
345 347
44 1541
957 681
1451 1121
145 106
1621 1546
906 273
1727 795
1105 767
753 1521
1894 1016
540 225
1041 801
1319 1473
1191 172
1916 761
631 775
1177 1281
427 919
636 369
1337 1221
1743 1603
931 1777
845 331
93 1717
239 701
505 145
123 902
646 931
1274 793
1321 1416
1977 1721
166 778
12 1491
1341 128
563 1727
1177 1336
1551 464
511 321
915 554
1081 1485
1341 601
291 1291
9 1001
381 1733
801 786
632 135
1057 1127
1111 737
160 1406
1181 929
465 295
1347 1475
694 225
1060 876
1553 1181
1921 451
1662 752
1354 1587
738 1171
1409 601
1869 1193
1902 1247
1581 1770
757 327
1923 1073
1455 345
1669 1641
36 1776
1235 1161
1401 1675
321 63
1259 771
221 1257
1776 823
648 323
949 1254
1045 161
1977 674
1749 1809
1811 1951
1201 551
816 995
1622 1927
1759 413
1183 1454
331 281
587 468
209 1105
1447 1423
1135 1089
414 515
1569 611
382 961
1009 673
841 719
1953 1168
1106 882
1520 1624
1196 161
489 759
977 84
665 568
1207 448
1220 332
39 1006
201 1728
1677 1830
1726 761
1745 667
72 241
1791 2000
202 801
603 409
607 1571
30 1118
1233 1691
658 673
1651 855
824 1580
205 969
1845 1355
549 825
1455 1751
1846 307
801 938
195 1391
1126 1253
1661 969
1064 17
826 625
1993 375
1662 39
1103 153
105 1573
491 276
1472 1751
972 1601
43 1229
258 219
808 1551
888 371
371 617
951 1654
1425 645
467 1439
1817 441
1423 1831
1317 553
30 1691
621 1293
993 1031
735 1796
577 656
1891 1049
1697 891
1521 1916
1750 1685
1175 1193
967 1597
723 425
1836 221
445 1003
1825 129
1066 1109
1661 1381
1299 1761
1489 1752
940 709
1775 961
673 436
675 407
823 1527
631 906
661 1644
591 913
139 1549
181 904
389 76
861 1146
384 806
1887 355
1886 101
745 1393
401 819
1887 676
61 446
271 1246
843 1103
86 1081
1515 733
1777 986
1 1570
1951 353
1169 1025
1751 1081
181 1121
528 276
1439 1183
1667 321
1551 599
25 877
1767 822
1521 385
1361 930
851 521
479 1769
1551 1725
915 1038
1273 609
1877 847
1236 57
1643 529
1033 765
181 1204
291 25
547 1569
83 1553
726 931
861 1457
1645 1057
1225 849
1073 759
122 219
787 923
551 863
329 1217
1469 577
738 1155
433 67
1562 1029
1812 785
302 820
545 163
495 257
801 184
1721 1987
1491 1741
161 134
25 1593
1715 1431
566 537
159 1441
823 1731
1761 1001
1301 1561
1917 1111
1983 1661
255 867
377 545
1733 1507
381 1889
301 61
1211 1806
1996 1976
1108 937
937 1511
161 193
1681 1166
1681 1739
1843 1885
669 1353
1056 1219
593 1998
1809 471
286 1641
297 573
1877 369
1859 483
1726 178
892 1592
847 758
1833 526
1347 991
122 881
1186 414
1011 943
1921 1299
1481 1836
1379 856
1013 353
863 1350
1047 1963
640 41
1387 753
891 837
1999 115
941 401
651 683
635 461
1296 625
366 409
1863 1375
218 249
1881 641
5 881
401 678
954 257
1876 1336
470 609
97 1393
929 1765
101 1237
57 1989
697 1235
1109 1666
131 291
1629 1791
485 801
532 686
746 1952
137 1151
1601 644
1730 1949
1633 1701
1921 1049
805 1725
1307 767
1521 1137
1021 444
1985 1329
1751 1509
1776 1821
317 1074
840 783
1719 1685
1181 1913
1108 866
121 866
144 285
1748 1259
1609 939
1549 1781
1603 1345
953 1469
198 1545
159 825
767 701
1857 269
612 795
1893 1001
1935 321
1631 1827
831 1326
1118 373
744 1801
9 1231
318 1217
1531 13
1601 91
497 1941
1097 1347
1935 1193
1475 1485
1295 873
1707 409
1037 41
81 1341
141 1425
1922 501
533 787
639 1861
1601 127
691 513
73 936
1789 1265
736 1373
1500 186
181 1090
657 167
811 1431
1932 1361
1587 1921
1894 1210
1653 1857
341 343
561 553
1457 395
1196 217
1150 542
417 1048
1291 1392
1396 385
1933 17
191 1197
1786 355
1111 237
553 1965
807 1251
1338 1049
692 1145
11 1537
576 1211
1811 453
929 835
1712 664
1573 1341
1989 918
1273 1200
576 1101
1704 1701
1751 1239
1137 707
1317 1951
631 485
267 1737
561 1737
765 536
1427 1181
229 638
40 1926
1508 369
1543 897
1547 429
1641 177
59 1916
1369 121
303 282
745 503
1113 679
225 1665
1190 941
381 1023
461 585
418 1973
1698 366
466 615
1245 819
1017 839
1391 1788
1997 393
1346 137
706 161
971 1545
200 1888
847 137
57 1260
1341 1965
1971 726
1271 1252
1821 480
913 1181
1681 1060
272 1647
879 1065
305 853
321 1441
753 199
1458 1831
225 861
257 387
771 854
667 1486
1837 1026
571 217
1466 1501
400 1746
1935 1117
1486 384
525 1781
421 1096
853 1043
161 896
221 1936
415 1727
1151 1182
1193 1969
201 1868
1041 427
479 1377
1235 33
465 1871
855 1017
660 1751
1529 1681
171 441
486 1073
695 750
1471 1569
1361 346
501 1336
793 1744
491 273
218 985
1692 1369
785 1621
1953 141
1925 209
301 14
1733 1381
1764 161
1375 1097
905 339
297 1476
1278 709
1449 59
1379 205
313 1703
961 1518
257 1469
599 441
709 382
1171 417
1921 77
1406 969
1584 569
411 371
290 908
727 1873
1917 249
689 655
1255 1758
1660 548
751 1700
369 1985
188 878
1719 1051
1813 1611
721 1081
1763 944
1086 1973
21 1001
306 801
613 1683
211 332
1583 1001
737 1549
415 1553
1 1969
1469 690
1841 599
123 714
1975 661
1951 1061
573 1596
801 121
631 1649
900 289
1039 699
1116 393
1371 281
209 311
1378 1232
1977 1151
1673 366
861 392
476 1553
301 1907
657 337
1475 35
1399 181
1011 241
655 606
1488 1987
799 1793
1641 646
1737 943
1297 1690
1069 413
321 913
1784 526
913 1335
436 557
406 257
1137 1193
1201 1693
1694 1525
1601 417
71 781
1736 1174
1897 919
1126 1158
741 689
81 761
581 549
1495 1201
1089 1615
139 941
1716 1505
1713 421
785 1201
1017 517
409 1798
1383 1817
935 1780
1061 1169
513 1
292 711
1679 545
1465 1899
471 541
845 1904
867 1601
1505 1121
433 1335
1198 1181
41 871
1105 1415
733 1961
1458 101
161 1999
711 1221
1266 1773
1331 865
1232 443
1671 1995
921 1343
1741 1813
613 1993
1631 1794
1019 809
601 933
984 1705
1617 1501
586 1331
1494 265
984 199
321 1520
1147 509
1956 1985
17 1537
119 915
570 1261
1011 700
1361 358
1106 131
1342 25
1489 1101
1271 701
41 385
1153 951
670 931
909 1595
941 1665
1567 1426
423 1309
1885 995
949 19
1105 375
1675 565
1665 820
1705 816
1307 1537
626 387
515 862
651 1773
1938 1561
822 613
256 958
161 1025
1399 1093
1300 1041
957 201
1569 1521
1634 1970
1328 351
1295 651
988 430
339 1971
625 1453
1569 451
1723 721
1893 593
77 1297
1188 549
578 152
245 759
1313 441
235 81
1800 1116
919 713
1367 317
1546 492
547 1889
1673 119
859 161
135 1324
999 1723
1081 1209
841 423
1148 553
9 257
21 161
1551 1291
65 553
1376 225
1985 467
373 1631
1404 1565
289 1
701 1597
935 1295
161 1407
1201 1369
731 1821
139 243
899 1681
1010 261
380 1917
1821 711
1255 77
51 779
1965 1811
811 1617
793 1775
179 929
1409 58
1151 1205
1353 1839
698 891
449 111
1137 661
1616 433
661 1391
1111 1986
401 1041
1635 389
1243 1972
1825 36
1221 1241
477 255
1299 1537
1928 159
1269 1719
1047 326
1042 1265
1427 683
1781 1235
199 1281
1385 1629
36 1041
1821 1620
608 1902
286 787
971 561
1743 161
591 1133
1573 87
805 356
386 1441
1751 1983
1705 961
1577 769
1556 1581
1357 1321
839 176
1901 857
1701 975
901 77
1521 541
905 253
761 601
805 97
1291 1460
1375 1745
200 1261
1925 663
443 753
1281 599
1217 1271
637 106
205 129
868 556
1931 676
238 189
977 1661
1529 149
476 336
328 1921
1921 1465
497 1074
895 1089
49 993
1015 1901
721 1354
1130 725
1073 613
741 267
1059 1236
241 1
515 1473
225 1321
381 1561
614 1961
1773 1951
1841 323
1841 188
1061 901
1825 1869
1985 1400
275 333
256 191
1029 434
25 1201
1156 1929
1775 71
1361 1457
655 970
1645 175
976 1201
288 1891
298 673
781 441
301 1185
209 266
1145 605
1357 1561
1862 1713
297 753
467 739
783 1076
1281 1917
769 115
1589 701
1941 821
824 341
973 131
106 1189
438 161
1081 1610
825 1892
1541 1901
1054 529
367 1001
200 1681
1637 1545
126 1772
549 242
317 1647
1486 1023
977 648
1756 639
136 1397
281 1899
557 1737
1428 1817
105 1141
817 719
241 881
161 1115
1735 853
149 1461
1976 697
191 1741
1099 178
1375 836
1865 1605
1904 161
1449 1616
1306 1279
365 1121
616 961
1135 529
1866 1613
1043 1719
969 1509
1985 1187
1835 1389
1215 1198
1357 1249
1004 1954
729 945
356 425
1965 1271
189 1441
207 413
255 366
1829 221
446 1632
1351 1735
1096 1281
1776 610
1401 1700
981 1810
869 1577
97 725
1635 659
1346 1195
1620 4
1818 321
957 213
1585 1795
425 439
343 1681
601 1651
670 1153
1238 1506
1809 1201
599 1471
483 481
1106 444
871 1022
193 1556
9 253
1236 356
1441 1333
670 553
1901 1940
1811 1375
337 151
929 1300
1176 403
81 601
877 125
1 1271
1441 1951
802 1709
841 851
45 1390
545 1329
245 1416
49 1010
1125 561
1767 213
1874 1785
329 1019
1809 1031
832 105
1767 991
811 1651
1311 421
771 1481
1499 1061
183 861
1187 92
825 1617
1001 959
1251 1453
1569 565
1329 1977
971 1594
339 1503
603 1081
1104 537
1581 1728
480 289
1503 1562
363 396
1516 116
1881 1021
79 586
81 232
621 1877
1495 645
1964 1355
546 593
1707 1517
1323 1276
821 972
673 317
33 1044
1825 441
537 1345
1995 1879
1647 451
958 1001
709 75
890 823
785 1672
254 417
13 1732
786 248
1358 1687
876 1207
1789 1281
1308 891
43 1415
1451 833
1873 729
1967 1006
925 1003
693 399
1385 921
634 1857
1106 326
1841 744
738 673
709 39
206 1051
1201 1885
1729 35
1641 1651
1937 381
557 3
1991 1729
881 1370
1614 631
451 1467
1281 727
1457 1771
647 261
1039 1329
777 513
1705 1586
81 1036
1445 77
1471 331
657 1
1290 49
1151 1721
1947 201
284 341
797 801
296 1941
1543 101
960 243
95 591
1851 169
1311 758
1553 626
748 827
1141 1801
293 573
441 1
969 1931
1341 1251
1511 1135
1969 1307
1717 1161
1885 1773
152 1295
1771 651
117 1461
369 606
1542 1187
1401 510
1844 385
922 625
567 1013
833 1331
238 1793
372 1810
586 1158
1353 1977
442 1088
1896 653
111 497
726 673
1 1001
473 253
1505 212
1939 1413
681 441
481 1059
1970 1929
697 1351
1541 1375
1819 1254
781 436
353 1425
1791 1573
1266 1883
1777 1583
1376 249
1249 801
874 1422
1526 1397
593 661
986 1439
83 486
663 1824
160 8
1346 106
869 1741
1037 601
76 1556
1849 1871
951 91
799 1233
1826 1021
1129 1426
637 169
1531 189
1616 241
389 611
1613 1686
193 1361
421 822
1451 310
661 1403
831 1969
1649 995
1581 151
1977 785
26 1969
1346 1361
1773 369
1082 1105
747 574
321 1638
809 658
1361 631
126 1989
589 1227
1011 296
491 1313
1930 1000
1943 761
1841 1533
125 950
289 1869
583 663
215 812
1006 1209
1249 368
1277 177
124 996
1536 512
949 1139
1210 1013
161 25
1909 1321
1267 1785
341 41
924 1961
1515 258
1501 169
742 1688
563 1431
369 1828
1609 41
521 1562
409 465
921 399
826 1103
1631 761
609 263
1049 747
803 1193
1385 1961
1427 1511
591 341
1801 1555
1463 1304
1138 1691
1317 1045
1209 1451
74 51
768 1863
628 1633
26 289
1601 1106
1579 1941
1441 109
221 757
1536 1846
1645 693
1637 1615
1 1689
620 1648
1091 1371
465 1559
111 1281
376 351
1329 1917
97 1961
821 551
585 278
135 1931
561 1
641 1909
417 197
643 391
428 713
1736 438
1637 1937
90 213
561 1601
1 851
725 473
1296 1969
1229 318
199 1526
1159 1841
1385 832
451 929
361 1201
679 1719
813 193
333 1738
1611 1608
1068 581
1195 1801
1176 981
876 87
1717 558
1561 1665
1721 1649
561 1481
1910 273
9 201
733 121
881 821
1527 1001
1028 1564
633 1201
370 1755
625 321
1757 517
7 1323
1621 277
412 1796
1841 1728
325 1878
1571 1627
1589 1163
1911 1752
909 1743
1551 597
281 23
251 213
1929 103
681 263
1329 1621
25 233
753 87
416 63
1273 1131
476 1351
1281 1865
746 1141
1377 1877
1125 1326
91 1433
1711 368
1581 1385
1121 1171
161 145
1477 1226
879 1257
441 105
1711 928
1761 133
1709 1519
1121 1083
1 1009
1591 1646
421 1921
1449 1801
449 1696
1916 1553
1857 1343
437 9
541 1217
921 989
1813 239
1693 137
617 272
1665 1173
1180 764
430 1210
1369 279
1383 786
1798 1101
833 1541
721 396
789 1808
865 61
1830 1756
1409 445
1005 1321
1842 1816
1569 1977
1941 1155
1601 1321
1457 375
544 161
1841 1589
1432 1011
1713 1441
1271 801
463 1741
595 1741
307 1416
53 491
1425 1735
1786 607
1781 461
457 73
1026 278
1657 353
525 1641
1617 451
1765 1941
373 1196
801 1533
1977 303
1501 421
1075 201
1213 770
95 1179
1313 1349
1542 405
1201 1781
894 1593
1957 1201
1202 1876
1273 771
1025 417
1191 1781
101 1453
1345 887
1334 1473
538 337
1429 81
929 1710
1026 615
441 541
1409 1726
1063 705
1466 1416
1299 1795
1011 751
353 1717
161 1054
1621 1191
660 601
209 751
1041 1739
404 1261
1749 450
1541 1937
417 491
1981 1777
1717 1
1331 1601
391 189
1547 1565
49 81
104 217
1073 528
626 41
760 367
71 1776
1401 457
1247 1593
829 1751
101 317
928 1617
371 1511
1556 1638
621 873
1899 137
645 453
1046 1604
206 291
1876 981
768 1353
1552 1853
1362 373
645 289
345 941
1471 1001
1877 227
130 1616
326 1191
134 1819
1671 1409
1886 1243
882 1297
981 1935
1603 1265
603 577
1889 1853
1911 392
61 1585
767 1346
927 86
1718 949
699 443
277 1641
1007 137
359 278
921 889
97 163
39 1441
1473 887
291 720
501 1142
628 1280
1137 57
177 76
1435 1609
1327 281
70 1531
253 385
1823 849
723 1561
929 905
1659 1777
837 903
971 1501
624 1253
1977 861
1016 898
225 1115
1002 1201
497 1313
1776 1203
201 1304
314 486
641 1623
450 286
501 1513
1281 17
113 1761
757 1139
669 1
521 1273
707 720
1226 1717
193 389
881 1901
1825 177
206 1
1941 1149
567 1283
1474 1429
1 1006
33 951
1713 753
451 1057
61 401
1536 742
360 586
457 1561
516 1394
788 1640
1980 401
1801 1101
1823 1081
1761 751
777 1461
613 1328
306 1451
1137 477
690 1069
1655 1415
743 329
1370 345
419 976
1473 389
262 161
91 1217
1691 1507
1626 649
1 141
1792 45
1997 1635
101 784
1121 537
743 1820
1337 1782
689 271
941 347
265 1305
1481 1941
1232 1964
222 1926
1346 271
436 81
293 719
875 1
1827 1468
1521 711
1661 877
733 1729
1451 1201
1075 141
1479 1710
1651 1051
1889 537
361 881
1361 17
194 355
1265 1000
1601 477
1561 1014
219 1741
1551 1766
959 1528
561 434
898 578
1881 449
1204 501
562 1573
923 1227
911 37
392 708
862 1055
1792 561
459 641
1872 986
1111 291
1521 1882
120 1404
1361 39
458 1601
1751 1141
1418 593
1701 1453
1473 1757
1849 1021
1187 1729
31 1096
293 81
501 1190
336 1499
1153 1842
1933 192
991 1367
1682 1793
161 1576
1745 1696
1883 1121
776 1303
1525 1197
129 979
701 1925
1921 1836
998 555
1764 1441
1971 1585
996 1323
625 1937
1633 1825
1485 641
1359 1583
1450 79
1511 841
1951 186
1334 785
1052 1356
283 97
201 641
699 1029
401 1695
1889 405
35 1385
53 1553
1753 533
239 1250
971 1328
970 257
1501 137
943 1541
687 801
417 398
1657 337
961 1381
921 775
873 980
1559 307
249 781
1021 1581
1624 1381
169 1983
957 1257
254 69
410 1052
1297 1083
1631 1007
1569 137
197 313
739 1171
1872 1266
169 235
1961 1601
558 1877
1 1995
1585 974
382 1361
161 575
26 1925
100 136
737 481
150 97
1001 1113
776 281
1289 1691
327 1517
725 961
776 1770
57 1066
561 425
43 1647
1473 501
404 399
1367 1731
1153 1
1825 1985
1141 1177
1289 1985
1683 23
1 631
1601 1233
201 601
744 1706
869 73
1043 1511
701 928
1415 847
1435 513
1601 1001
90 1497
399 1745
1933 1441
619 761
811 113
1374 1149
321 1794
1604 635
1736 5
1238 1491
180 1219
349 1989
1675 521
481 641
1069 1369
135 1551
1121 1981
989 798
1396 1349
781 776
1953 1025
1783 1471
1791 1401
1031 1610
1317 1801
333 1343
721 41
579 1126
1381 601
977 1153
201 891
1911 801
897 1047
1317 101
429 601
1743 1136
1957 821
1945 1322
993 1761
513 1537
830 1704
1508 1001
605 1793
1213 65
1859 1018
31 763
352 1561
1521 1809
423 1368
647 1541
1949 911
593 385
301 51
1773 1361
1343 1638
1621 1864
1633 885
785 1
1619 489
261 1571
841 385
1154 1251
1725 45
1373 1327
1255 694
63 1450
1139 1025
1121 1305
1831 1195
316 231
1283 1983
1265 431
1626 1237
1673 61
323 985
1685 526
875 1508
287 1623
821 189
861 1461
14 901
492 96
1931 73
1061 1409
754 1709
1880 1881
730 1301
216 641
78 1831
1636 255
241 1018
1387 740
1249 294
1120 865
1907 605
65 222
1605 1436
1100 977
1587 331
1141 278
1473 904
1617 675
1698 1377
801 865
1486 13
869 1547
1559 1250
1641 595
881 26
453 1786
969 1842
247 561
429 960
1251 841
393 1960
1 1573
236 1576
340 1561
79 1913
218 1865
1233 492
361 1327
1766 1259
305 114
1817 657
237 1861
554 32
1553 1865
25 681
807 281
1387 1713
1673 1791
1897 1
1466 347
426 1956
656 1113
201 1101
601 1041
1360 496
1925 1673
316 4
1602 1750
1841 1215
689 201
54 1001
481 1267
363 1701
1910 1505
71 933
1075 1121
1213 1541
661 951
97 1848
1801 531
1857 793
529 1386
871 1993
351 145
1612 1316
1843 1689
1620 1697
1901 401
882 1901
1655 717
1131 1864
1701 360
87 330
873 17
1126 751
1327 144
1497 1121
55 251
219 1201
1041 1877
675 1661
1752 351
837 1021
1101 1345
254 1225
982 926
956 1921
385 19
321 710
648 157
847 1369
255 1826
509 1361
1087 289
1271 122
561 1801
1189 1531
1161 1232
1411 1201
1210 1650
1229 416
3 497
563 1801
759 1634
1141 1349
889 1089
1317 1362
1897 659
1425 809
661 1275
749 311
1880 1395
1881 921
1971 465
1836 1909
701 1389
945 649
1234 659
1103 317
1481 1331
1473 657
189 569
0000101101000000100000101