2000 4000
1051 1151
1913 1873
946 768
1471 1756
177 1137
1361 1777
1281 951
841 1093
393 1938
941 637
467 1331
1013 681
907 257
1921 191
190 368
1497 1631
182 1493
1218 1687
249 189
1539 1018
937 941
1656 1649
309 350
840 491
1865 1934
256 1709
306 1656
1751 1167
313 1429
641 458
1005 641
1878 1094
357 700
1027 253
865 1022
465 841
1631 109
761 1558
1533 180
1101 765
921 501
336 581
1752 785
501 1795
1519 1689
961 1179
1241 1191
127 999
1118 43
1931 1781
1625 113
1743 1609
816 767
1450 367
751 1317
1705 411
535 1346
1959 890
415 1161
1381 101
1473 113
703 1956
569 1133
29 877
1525 699
227 709
25 508
1567 1637
1151 655
1117 1045
305 276
1521 1621
14 1809
91 1791
776 247
1081 416
325 624
484 1681
161 1745
1635 404
1829 1906
1545 1665
591 753
1467 1781
1576 845
425 641
279 899
1906 773
1983 224
1472 176
1613 743
1481 1607
799 1162
205 573
188 241
265 49
1640 1561
665 1865
1741 1491
1281 1529
813 777
1065 1799
1989 1251
1201 309
1911 1985
1553 1849
1925 95
285 1381
1601 1478
353 1884
1894 1915
1597 1865
1345 828
1975 906
1791 658
189 325
911 919
81 33
850 866
1583 85
894 481
56 1009
565 597
317 1515
1638 857
415 1546
1484 77
981 664
1761 344
1153 1185
801 671
842 1595
561 535
617 501
1026 584
569 577
285 535
444 1381
578 1831
33 457
1448 1435
1996 1807
1181 1921
631 1
1058 741
1695 1031
301 211
1153 1081
1836 401
141 1061
1381 399
1525 971
1268 1121
155 1351
1446 401
1257 1857
258 1409
793 397
229 1915
626 1576
946 1753
525 1738
1868 531
1576 1697
1565 1581
1303 1117
30 1561
1081 1105
669 1441
867 851
813 1155
1961 293
1654 565
327 666
1865 1
777 1189
75 767
1853 251
751 554
999 1997
1706 829
1001 1669
569 880
489 454
507 661
251 1501
701 1501
881 1068
1837 803
161 1173
1182 819
1816 555
1935 921
128 1191
1903 1081
702 356
1555 1103
913 785
1600 529
117 327
1131 1757
1109 641
364 1437
1057 1931
440 154
887 648
1761 1155
1478 1585
1104 1677
881 403
781 705
437 349
56 771
1137 692
1066 1185
1453 523
1175 39
1951 1976
1265 37
1633 733
471 1404
1253 849
213 96
613 1449
1416 281
1617 1777
977 281
548 610
1341 629
440 929
1951 121
1218 315
533 747
1171 1715
276 1726
397 707
1357 1927
498 1487
481 1916
1376 94
1089 801
1121 1601
1015 12
1949 643
1271 1937
1753 1656
97 1398
239 356
921 26
71 661
1545 513
218 769
1600 1017
1831 400
1217 453
1961 72
1666 1473
1013 1646
1573 253
1765 103
5 891
17 1763
40 171
1073 901
875 1385
1953 585
913 1273
865 801
1575 787
1933 1705
1332 194
78 441
1740 1270
848 725
1229 544
423 1719
873 1953
209 113
371 244
1112 1979
1848 471
1967 1281
1217 1521
1811 705
571 315
369 1471
1549 875
1853 771
1669 406
324 1301
171 953
287 1128
477 737
701 286
1176 357
1563 153
536 901
39 481
376 1885
201 1031
1691 1611
1633 863
955 563
1751 1969
1971 901
1285 441
1289 155
726 1649
1185 1531
440 321
355 1454
1371 1277
73 1375
1195 149
1497 1569
1948 293
1041 1000
543 1382
736 1728
935 1009
1531 1569
384 134
961 889
1090 1093
177 1891
1048 1780
1961 465
1381 378
1777 881
1731 1589
115 1513
761 153
441 761
789 326
1422 1725
117 381
985 852
293 1304
669 1948
1529 342
141 1621
667 609
1182 1601
1503 898
424 801
141 371
1671 801
1071 611
377 1801
1493 1729
481 1596
1091 461
571 611
351 601
1531 131
1845 143
452 761
110 9
127 625
253 1059
1511 1599
995 1927
1275 1231
743 1215
1569 1526
724 356
1726 952
49 641
1129 379
417 1343
1301 847
81 1114
1014 1367
1953 1534
1281 721
1949 746
1293 834
473 1739
1943 737
1103 333
1969 1759
1181 968
352 1985
1629 1949
1837 1441
547 1781
1057 979
472 1581
1393 121
967 641
220 1279
195 501
932 1562
1065 401
1129 1501
1846 868
877 1981
261 771
41 465
593 1161
865 1839
901 83
721 1445
401 127
1369 1009
1481 1303
1180 1184
1637 1634
811 1426
1699 1989
1953 1397
1273 593
926 1463
1341 11
283 1622
705 1479
91 1687
1345 775
1369 451
972 809
1211 732
1441 604
853 1243
1459 1041
1797 801
722 737
1761 203
1027 1481
1201 253
1618 697
39 87
55 1185
241 401
369 1483
707 1146
1631 885
1394 1025
841 1349
1796 1709
503 801
385 57
957 1201
121 197
1429 685
521 778
1901 506
1283 1919
1165 1803
301 1285
1993 311
281 1704
581 1018
585 1201
1849 6
1627 1571
1986 659
1201 1295
1425 1871
1140 1131
1793 442
321 1321
1195 1826
1203 494
591 241
752 1375
1549 1829
1747 1981
662 373
1621 945
1226 1700
1291 1381
758 1777
1776 1971
1913 915
1177 465
1082 251
117 1982
1336 553
831 953
1801 1273
473 1313
1732 1189
495 1129
1013 1151
589 253
1313 201
591 1785
1883 39
1242 1735
1161 130
1810 850
83 825
807 153
1521 326
1091 1059
1209 497
1708 474
921 1061
965 1966
1386 1181
1087 1166
1676 289
1709 1388
831 563
589 459
1281 1781
1841 1281
1361 315
1001 1816
677 729
1610 1049
1956 1413
1233 1777
598 1689
1135 1386
1061 1491
1654 723
293 927
302 1601
111 641
1892 637
495 791
1369 1046
626 551
1731 1346
396 435
9 581
837 1835
1421 781
41 1817
1322 241
209 1996
1729 1533
1 1047
1827 1173
776 703
1738 1022
1037 209
81 841
1691 1300
1265 1179
1981 1457
1713 1431
1 1942
1921 105
1345 728
118 757
1545 406
319 1405
593 940
1909 1351
1265 831
979 231
475 1321
1687 1501
324 201
853 268
746 1177
524 121
1801 521
1937 1511
1993 1305
621 975
383 1066
1845 161
993 1345
675 719
987 165
1451 1206
1813 1814
1173 1949
359 1544
1025 457
467 1795
1997 1890
1767 1155
1244 612
497 351
616 843
1838 91
1014 1497
661 19
1182 1532
1484 1983
361 1
115 17
621 67
1669 793
809 35
1717 1413
1042 266
1977 1266
1269 201
347 321
113 1274
751 1772
1881 1356
736 870
1901 1153
1713 806
209 1189
1649 465
673 1305
1632 169
195 328
1666 49
249 1281
847 1473
1701 880
101 15
1745 849
439 1048
859 1996
543 1178
853 513
47 1897
296 1956
1973 1649
217 1101
686 335
1851 1869
75 1537
578 1601
881 1206
1728 1589
1149 1616
1297 1655
1157 1596
749 878
1 1077
401 1256
1657 1263
779 1102
509 1041
1341 261
1017 485
68 1053
897 836
733 457
887 1585
1746 976
331 834
1111 1
85 61
104 1745
1746 1137
1343 1296
1601 993
384 1489
1927 241
393 1535
1826 1317
1077 1157
1651 1873
1233 728
1761 1576
1291 790
1219 209
600 665
1748 1210
391 287
280 1185
1520 861
1819 1627
1227 577
313 1266
82 193
675 369
49 1089
130 1342
1293 1276
1600 427
389 1895
1697 321
1033 1737
441 287
807 258
1541 1414
735 1748
1824 411
1401 407
1721 1471
1643 30
1651 46
1869 1715
833 926
1818 1065
833 1497
1739 431
585 511
1578 342
1981 908
1313 1071
995 101
402 489
1267 1501
189 411
103 941
237 817
141 925
1636 237
951 896
91 907
1737 1573
346 141
684 1145
994 911
1925 1959
1477 705
1313 449
521 1400
1031 1009
321 565
276 1263
1909 673
854 1857
1169 525
528 1711
315 1370
347 99
517 1519
421 787
95 1841
1851 545
1261 1553
935 1209
966 1701
1527 101
1626 1075
1960 204
1241 1809
595 1147
1894 411
1781 653
631 1477
921 1926
1001 851
345 465
1441 445
356 1157
1038 1397
1231 987
631 1037
845 634
1437 697
18 1382
57 89
401 1351
285 416
1966 1211
509 1333
1592 13
1247 912
1981 759
1261 56
401 1569
845 1341
1566 1240
1517 1177
878 591
1001 625
1699 661
520 1047
1596 169
487 761
1841 81
341 1629
1606 331
1691 977
1042 74
1781 282
706 1130
139 481
221 1809
665 1345
711 1495
372 1960
1905 353
1489 987
795 1785
1765 458
539 1176
953 1542
1 1829
769 940
436 961
710 1423
1369 1660
919 1001
27 1153
908 855
193 708
268 663
401 481
1951 929
1300 1374
89 1041
1836 25
127 1762
1154 363
440 1759
572 1256
625 1669
1651 352
1753 576
738 841
1731 905
1741 1217
635 1286
611 601
1457 1637
441 535
1801 1017
1570 271
1041 207
326 207
361 1425
941 657
1446 1794
1602 1921
1705 1497
574 910
67 331
1473 2
1452 1245
412 565
203 395
1781 1276
1265 1222
1156 109
1804 970
1427 1951
1871 1841
195 1651
1963 1531
1281 801
1179 1513
1081 1553
299 1889
248 1341
321 883
1441 1625
673 1277
1800 492
301 1143
969 1537
1695 1749
1 260
1858 1421
526 1194
906 265
987 1288
195 1707
1601 153
1853 1186
641 497
1105 1704
1257 1600
1433 628
298 1271
889 1373
1058 1451
1172 301
607 1522
561 1613
1830 1729
842 171
1209 169
1622 1313
431 1025
281 119
1127 83
1341 791
849 1579
927 713
474 911
564 1793
805 721
1018 454
562 668
1992 321
931 228
1135 105
436 1333
106 1251
1269 353
1637 769
1665 1098
1765 717
78 1333
1151 65
916 401
951 1521
1565 1540
1968 1
821 681
1894 733
791 715
1728 1361
869 625
1945 251
417 101
1130 500
44 759
1657 1747
1816 702
1029 1193
1501 1497
813 1456
1657 267
1521 1187
1551 291
481 1716
1574 646
1361 1161
146 1501
724 161
211 1881
1289 1475
1005 34
1394 681
1593 625
487 45
1275 101
1077 849
1514 803
211 619
1328 1549
1236 1371
676 1254
392 1491
341 1566
1073 537
1273 1987
1909 1277
1697 246
1049 456
29 931
827 1047
357 1981
429 1649
801 1158
1433 321
1993 893
230 1835
1617 1641
281 593
1801 1898
1782 539
853 1401
1585 1801
1499 24
1957 1505
1117 362
636 365
260 1060
741 165
892 1222
526 606
813 1653
1106 137
847 730
921 1338
1885 301
7 1477
161 654
1121 701
1281 1105
1894 137
117 76
921 283
427 1435
81 1793
1451 711
641 907
1011 1569
34 1553
1338 941
1391 41
345 597
451 699
1021 1782
893 1873
1345 1193
982 1566
569 1516
891 1249
345 1801
1965 1517
675 183
1701 385
1481 266
705 1342
1254 1436
1699 1038
1949 1816
851 1845
1401 971
1591 1356
25 326
1729 556
1289 1775
151 1264
534 197
93 613
99 260
417 1347
149 1451
457 1331
1562 132
432 677
541 305
1887 818
1702 7
65 446
1 527
550 1414
1235 1968
541 1145
1778 1465
829 1951
321 146
1429 1985
999 815
864 1341
1561 41
334 466
209 1329
1132 1701
1601 1793
1496 1481
1497 415
257 923
881 25
609 1551
759 1798
266 733
1865 54
1497 1845
1801 280
404 1348
1203 741
776 956
61 1809
1233 1573
1113 625
258 1356
275 131
1651 1443
1376 1213
20 193
271 381
393 211
1905 1918
1786 951
1666 1621
171 508
1311 57
1627 1777
1251 1445
1633 436
1046 1401
961 769
1581 1517
1411 1395
1940 1995
1347 1865
1384 655
497 1417
27 1717
1985 1047
463 1367
1558 1454
762 578
1359 1501
1406 1078
141 1404
165 1521
1066 473
611 1716
801 366
1569 1244
1699 1641
1224 1537
252 991
1261 1585
431 112
807 1982
1501 198
1843 1101
1447 506
939 743
870 58
1969 417
1609 534
739 488
1201 359
907 1333
1523 1041
1845 868
1501 1021
181 1848
515 1981
357 871
1104 54
977 1741
1728 320
801 1071
150 310
1896 715
621 821
1493 768
56 517
1958 817
35 1861
241 309
1079 1188
1587 1667
121 23
782 1487
981 1786
1121 1118
1531 1629
441 1389
625 1726
1985 896
321 967
1494 1091
71 1399
913 749
126 1176
968 1265
1321 881
1715 349
971 33
859 1881
1771 561
252 1971
266 1483
113 1170
311 781
1001 745
651 507
1137 2000
486 1361
157 509
463 137
1040 1671
1269 841
1905 1819
1826 1386
479 369
1439 589
115 1433
362 537
1001 566
917 1109
1411 1056
745 1811
1217 949
125 1424
869 1295
53 1519
811 645
341 235
517 1556
1473 789
1749 5
1001 416
33 1328
1601 571
465 521
661 527
1841 785
1765 89
1031 336
1196 1615
1793 1
918 1057
395 1953
991 271
454 721
863 1395
1496 58
1593 681
925 111
264 1250
780 1548
1994 549
1021 159
919 153
1321 1704
801 525
7 378
1140 1721
969 1745
527 1467
668 319
561 25
577 1516
705 1666
996 510
107 1426
382 239
805 1531
1916 126
756 184
201 580
1265 1769
1 1393
140 606
253 543
1879 1175
1251 1903
1482 1261
1285 901
1347 1712
173 1059
1 1321
790 761
1123 737
60 173
441 815
1601 991
689 1041
1636 350
1679 1601
1666 1211
1949 326
931 1457
761 313
1661 1499
1051 1162
28 981
861 81
753 1956
1424 1061
471 1201
403 1026
723 1147
1874 1923
1137 577
11 1681
1830 957
1152 376
741 1915
281 165
981 1067
1245 1976
1055 1201
1061 1683
17 1325
1221 1561
1201 1701
77 1683
331 913
469 1521
1672 1477
1201 1251
540 601
1479 1827
201 1691
773 347
126 1148
677 1606
269 801
305 1117
1613 1511
279 1353
1656 1222
1861 297
1171 1771
1649 261
1105 126
1681 1521
1801 1969
273 1713
142 501
121 348
291 188
241 1751
541 1521
1609 1551
1889 395
301 241
1153 328
327 1367
743 1873
1261 1210
817 191
1571 121
1744 747
435 959
305 261
495 71
105 71
1001 1649
1639 989
99 1863
1287 769
423 477
289 586
1761 1782
977 463
769 1861
641 1821
1677 1633
413 841
65 1133
1307 57
1854 1126
191 546
1601 501
639 1645
1801 791
816 585
805 1527
1563 261
1521 914
659 461
1525 1001
1251 1236
1599 274
637 501
1256 941
454 1337
1949 1066
1449 916
1098 1603
1601 211
451 452
841 641
657 1917
634 1820
34 1462
1045 1467
201 1501
1651 772
1105 586
201 300
833 1835
31 622
1633 661
1376 984
1584 486
1716 1153
805 1163
257 486
257 709
1647 1333
1729 1660
731 717
801 68
733 819
1441 814
673 937
153 3
1088 851
1283 1895
1265 1621
785 145
1881 1358
201 596
495 459
293 601
630 1623
1194 1185
413 782
97 624
201 1773
1517 625
1018 679
9 233
1115 1292
28 449
341 461
999 1409
501 1649
1267 697
1648 601
163 350
1617 856
685 756
192 175
1184 117
930 1069
991 1625
1376 1237
1611 488
571 1441
481 21
1913 265
1571 1309
1426 106
407 1376
1207 1367
1179 251
1393 1177
1473 784
446 194
351 47
1 1653
739 1381
1249 279
977 1714
1586 913
145 465
185 1201
1237 1889
1933 753
503 625
1644 1415
251 961
1366 1001
869 1561
176 729
1879 1285
1102 204
1665 1266
897 786
759 1751
503 1489
473 463
1497 1496
1890 1488
1321 1873
1426 1191
1 725
1545 766
941 585
1806 1031
1533 193
861 431
1230 808
696 866
257 1698
1505 353
239 1471
1720 905
817 1521
957 1501
425 1006
370 497
1258 1131
1611 1411
383 236
1461 737
1895 1633
1671 26
226 1251
1881 282
1366 1393
307 1532
1421 1364
345 501
1359 413
36 1927
454 1125
1808 9
1953 833
957 1969
570 1701
1430 1831
434 1806
1511 795
345 1213
137 1616
215 1736
501 456
1517 874
1781 1221
731 1093
1447 1409
666 229
41 1549
777 134
76 1153
1862 209
1341 1383
473 1095
1481 41
651 1021
909 555
863 412
1313 1122
1192 955
623 1584
601 341
447 590
1761 676
1717 101
1681 257
547 68
1216 1151
473 1657
1011 826
1784 817
561 1391
1419 87
529 275
1025 77
1727 1851
1045 1400
423 391
291 1876
333 81
1915 1681
983 1181
1560 1483
961 849
1729 19
133 616
617 124
89 349
185 1509
193 898
661 106
611 1104
1736 1777
526 1881
1832 1713
1409 489
241 1234
1381 1305
181 289
511 1137
1625 456
1867 1715
1081 1601
1201 1041
979 451
91 487
1720 1081
1448 1048
92 1826
1401 1744
815 489
876 1773
1653 641
449 437
1901 241
1276 81
355 521
322 433
1880 1697
1560 882
979 61
33 1225
1 1846
226 758
1147 451
1121 1759
1 1931
891 1019
431 1722
62 1531
1647 969
1345 1969
341 971
1745 1201
1301 193
681 1810
1198 1288
657 323
1179 1756
849 1194
510 1097
378 1153
729 953
1191 599
526 829
1701 1559
1509 241
1601 1239
1047 1194
1789 762
265 67
1871 151
1667 721
981 1306
1267 1691
947 855
1265 826
896 1448
1941 1545
1244 1751
371 163
38 565
1077 746
1284 1201
1565 522
1695 753
1417 1721
427 1166
1038 1569
1917 1973
1986 1921
809 1103
134 26
1901 801
26 371
18 1523
581 1349
846 417
659 1713
1557 98
746 1022
1057 1556
446 1561
957 1563
38 1105
415 1669
737 96
475 1139
1789 1451
961 364
1217 385
429 107
1241 509
456 1356
635 431
751 1323
577 1409
1177 1551
1871 1876
1769 674
1331 649
1746 611
1377 1005
33 1121
1225 1531
231 145
860 233
623 911
1139 577
1403 667
1425 1672
1698 1567
1811 1036
895 307
369 1293
1619 1660
888 241
1805 1145
325 23
1439 1321
1604 1121
785 433
537 525
1309 1655
455 1921
17 101
389 401
679 166
311 833
86 1186
1241 1577
1121 585
1982 97
725 979
1106 97
886 410
29 468
859 183
1025 737
527 1531
1124 599
1951 803
1903 1545
597 1037
126 366
1481 1501
1776 115
1611 1
1591 1049
425 1361
1001 1825
311 97
1751 1811
1025 744
1977 561
815 551
1125 553
1611 1100
1763 417
1097 105
171 1846
1931 45
817 1305
1356 450
1887 865
1881 1765
305 109
1673 1591
711 341
431 597
1515 977
566 81
353 201
1621 1826
1651 1561
1217 173
812 541
401 1295
1221 1454
1156 1241
1497 807
1328 1142
1845 1771
675 161
1011 1795
151 633
131 495
152 1361
76 895
859 540
1505 621
757 721
209 241
119 1237
281 1907
501 1176
896 71
1130 525
1006 439
65 1727
821 1933
949 1737
727 1715
876 1117
1475 421
1505 845
1693 1459
1997 351
461 1835
717 1580
299 711
1869 164
341 538
1888 1091
841 1127
1977 573
1737 1541
160 126
1837 927
1537 1693
855 153
103 641
981 1657
1898 1180
1435 1
601 975
301 881
1105 392
967 105
849 736
1825 1733
761 717
1041 1756
1528 311
1302 1621
1833 721
77 1471
1592 359
115 843
1553 1575
1873 820
127 1570
1804 1433
667 1795
1821 1101
214 1841
671 164
1777 1620
651 601
111 405
1398 1777
1497 401
1224 213
1589 1245
1427 1122
1445 209
627 1729
831 1879
501 1759
633 749
61 513
177 1625
946 1049
1357 1957
1553 501
639 603
1531 553
545 619
1836 353
291 980
345 481
474 501
1959 11
1251 31
1213 1877
1601 11
1696 1772
431 1128
1769 643
523 721
1772 207
1963 817
1023 869
1481 1601
1829 1761
888 1
173 381
756 541
611 678
844 151
701 972
1149 1986
1851 1969
1489 12
1791 1507
383 930
1601 521
701 1714
1826 1674
303 873
111 995
1953 687
1141 1633
235 161
337 621
1337 1483
74 243
585 1811
1635 1909
633 1762
101 393
489 297
289 534
1061 1347
1622 537
1271 1352
728 1229
703 312
1223 237
1193 1255
743 1049
1324 621
921 913
913 1419
236 598
101 1956
1705 1321
767 61
1617 1145
65 1017
1345 311
1536 59
1571 1
1196 367
1463 1999
21 1913
662 1943
941 721
466 1476
376 308
1403 1705
124 1190
625 1414
1727 1752
672 673
106 961
1404 1123
1937 1221
809 1516
191 1616
94 1793
1031 464
1280 305
1793 1664
1810 1857
1519 154
1225 769
1021 235
1383 705
373 1051
1066 1571
582 613
1634 1131
906 107
1693 964
1001 913
1559 1041
1313 1176
1791 1221
632 1873
1476 745
1286 68
393 1079
1121 80
1216 505
143 1195
1213 200
125 1311
305 187
393 905
1867 545
394 1936
1385 185
139 1247
1361 1336
202 1801
731 1675
1479 1591
451 1361
1883 849
1551 641
1811 343
95 1840
645 786
686 929
1072 1219
1385 569
1397 1726
1073 56
701 1286
1929 231
458 1077
897 545
1963 597
307 881
457 924
323 1383
1411 853
1235 1237
1671 1681
503 979
1705 1824
1253 1929
549 349
141 1601
641 781
1063 146
1135 909
1842 51
1501 1169
1072 1611
793 157
1745 961
932 537
1968 91
51 933
1523 1754
701 197
1471 1429
1465 1543
701 819
337 1826
100 1584
1833 953
1605 1136
931 145
413 97
1377 387
1785 487
1906 17
1632 1089
375 1809
1877 340
1211 609
401 801
1464 1897
301 489
1761 736
177 801
337 486
1141 501
1549 269
801 1613
1613 1451
1501 1073
173 1883
1953 908
1923 1563
1779 1415
175 1133
1781 296
1553 417
1777 1877
67 945
1164 585
1784 1121
1906 624
35 1568
1179 408
929 1407
1281 1137
840 1469
1196 1961
1880 1731
1343 1431
1111 74
1473 935
977 1897
561 1841
1639 222
1 1655
1265 1394
1747 689
608 1169
71 1647
241 501
979 1138
1498 92
615 156
1018 865
683 941
1104 44
326 1601
665 1835
1679 1089
1801 1866
1616 337
766 1580
117 1173
25 251
319 1007
1001 1461
353 1251
425 1037
103 1745
1661 631
1073 149
389 1231
171 1041
853 377
1388 1041
263 692
1169 297
423 247
669 719
397 1901
1217 302
601 1181
1965 989
1005 651
1981 1717
1299 101
459 1516
1305 1310
1589 1713
1845 501
1734 899
642 1781
505 298
1762 440
951 101
526 301
1211 154
503 798
1113 108
65 1316
345 1553
995 1276
1305 246
1786 420
25 1681
1236 395
453 586
1639 72
509 22
1559 456
909 914
289 503
1541 1230
1959 304
455 761
741 1410
157 1229
251 1001
1331 1197
477 248
1349 845
1961 1075
697 249
1153 921
381 616
1393 1681
220 244
1639 1369
321 865
1307 1691
1771 1201
1433 222
1813 1235
1436 215
1393 95
1217 76
1863 217
720 372
179 1136
477 1893
281 241
371 655
1825 1841
1903 442
480 1745
1521 1475
1473 959
221 1040
45 1101
88 1477
881 448
1447 863
761 207
363 966
1558 1579
417 1409
1125 583
1401 1823
1261 1121
357 186
1729 1921
468 1018
610 235
1316 792
281 1433
1079 441
727 487
904 369
1296 229
745 1626
1206 397
5 290
96 795
1416 548
1441 351
681 1783
120 1315
1870 1020
5 1601
55 1081
1921 288
1677 317
1724 1401
893 389
673 1579
1239 1779
1553 1841
751 493
1322 976
1581 1693
1756 630
1378 1186
40 1435
511 426
891 1710
1601 81
1791 1912
1742 905
815 897
929 1569
581 567
731 1514
1047 1509
1878 1953
828 1991
1181 1361
545 681
1746 1371
1921 1213
1121 1801
1709 1661
785 1793
1761 573
489 893
1019 1793
489 148
285 1207
1741 1261
1277 1182
917 1236
1809 1712
1165 1801
1841 1425
282 965
1044 1425
801 1807
1635 1041
1453 246
474 536
347 735
1457 597
745 842
926 1981
1 551
1537 1495
637 1769
1655 913
365 1591
1421 1688
1430 1653
1961 185
1301 969
779 1025
1241 1131
1133 996
23 263
228 694
1205 1061
356 1361
1751 913
1761 269
489 39
499 199
1673 969
525 240
701 1841
729 1321
1269 406
724 36
1411 481
1880 1780
1821 1078
1097 896
1621 1891
1385 1329
229 1413
1001 1802
1501 875
1702 1179
403 1936
1881 1675
721 725
1384 1890
483 1463
1343 137
1471 1033
1369 1485
1515 513
1251 1085
914 638
1258 1553
1547 996
653 1866
751 1801
1627 86
1909 529
953 401
293 261
761 301
906 1476
166 1409
777 1401
1701 1035
1106 1897
1713 274
1066 34
1252 229
1187 469
1234 1441
1825 1346
1831 420
161 1133
869 1293
1219 1763
771 1821
1838 1485
581 775
429 1721
873 717
1813 351
1479 815
1155 753
1283 526
824 281
1441 1405
989 1420
241 1470
86 546
1571 1647
554 381
619 1748
469 1267
461 957
316 1342
521 87
1361 1216
27 561
770 1825
1279 561
741 193
1387 812
1601 193
1901 1157
886 1009
481 602
1159 551
1641 871
1705 926
1189 1541
603 1230
1721 217
1146 597
1921 1974
1292 351
1 1255
1441 1710
702 917
1130 1996
943 1093
63 1401
928 1009
1761 1906
1228 1
892 311
666 1970
1341 701
1121 868
1217 691
1665 1091
1565 39
129 749
1093 321
277 1537
1097 1707
887 913
1485 765
67 645
1121 1861
135 1649
1465 1121
136 385
660 804
581 1917
1703 468
79 777
137 329
1691 525
1313 721
717 1359
1784 836
757 1611
271 761
1851 721
1926 106
1327 81
1376 1793
501 371
501 459
1225 361
1501 441
156 1
599 431
857 465
1257 281
1617 273
697 61
379 641
491 865
803 532
421 481
251 1131
1814 1665
1168 623
380 551
1610 1410
1665 901
1563 1287
1601 1947
1141 1544
1841 422
1658 1442
89 1161
75 1009
827 366
1741 461
1045 1421
1901 155
1251 631
381 265
908 1143
243 1907
1790 1201
653 1101
1851 1328
1567 679
1141 1957
49 985
1017 1183
1773 1200
577 1901
211 849
1756 892
1381 85
933 1781
25 377
251 182
835 117
542 649
1626 329
1146 501
1028 209
1547 1541
103 1221
801 1823
1535 174
281 276
177 297
821 1101
1741 1607
1231 1953
1 1567
1583 376
681 1414
1275 594
571 416
207 1203
49 847
351 532
1180 1029
1951 276
1289 867
277 649
1331 401
899 1617
1521 1377
1065 1569
801 751
257 941
111 1025
571 902
1727 149
1101 621
69 303
353 79
326 480
1648 1417
1093 800
445 1685
1748 1881
1254 1461
971 1521
533 1254
1737 757
1521 301
725 1663
1346 974
1137 516
799 1001
1476 1121
815 991
961 1497
254 1416
33 1101
409 257
1697 1985
1441 1406
762 1009
745 91
381 42
529 1676
521 169
1 1680
1143 1078
821 494
616 1289
45 686
1041 1529
957 613
1538 861
37 1279
1691 1951
801 638
1905 944
1317 651
504 481
1305 911
1626 635
30 883
849 181
101 1053
1693 1449
1901 1089
1466 1160
1041 1181
1281 421
705 255
1123 496
824 200
249 821
439 582
959 1169
401 457
491 1527
1962 1801
341 1329
705 611
752 1915
1201 1145
1645 867
1785 1980
621 567
516 945
1531 271
31 1649
989 1450
1799 100
1190 1857
464 149
1249 1837
119 1365
1028 781
583 1790
1101 721
1431 1095
725 1255
991 446
913 1541
591 1951
48 982
1729 1086
771 1925
853 810
438 1906
545 1329
1830 1170
606 1296
895 1503
886 491
1681 281
983 219
637 281
1956 1601
1733 385
635 1675
1227 228
1700 601
1245 1101
611 1241
605 1443
529 181
669 1904
1545 1319
721 405
901 1689
419 876
1379 770
884 1241
24 1393
241 139
761 1281
294 547
1879 875
451 584
17 991
1991 425
891 153
1965 1111
1637 479
1683 157
699 249
1251 1363
1531 1501
303 353
1005 27
1389 1066
807 175
1895 1521
1201 225
124 1273
657 1489
1249 1021
1128 201
864 1616
179 1324
1537 1857
1081 1673
1631 1278
1641 1811
745 217
1106 905
201 1519
1967 1196
873 1085
357 1401
337 906
1656 1521
585 1393
259 1265
1185 863
851 1991
1696 655
914 496
1033 614
667 393
1755 285
473 1252
1637 729
955 385
129 201
1761 511
141 548
401 1241
166 101
1019 865
1991 823
796 221
1245 1733
1521 292
1933 1163
1489 918
441 1777
1265 1719
257 481
700 1161
549 1337
401 291
358 177
103 663
1089 779
1808 1255
661 103
1249 113
221 1281
1357 1935
347 1137
714 1626
817 1640
717 1095
599 517
153 1061
597 884
1276 89
1621 193
1685 772
1645 777
355 880
1617 145
1386 1809
291 1143
501 1
1001 1557
1928 81
471 1529
133 239
1049 626
546 1991
1240 515
1633 1301
876 1844
959 1153
1441 405
1889 8
15 97
674 216
1939 1
1234 1302
1139 534
1539 561
766 626
305 553
922 441
280 1439
504 1447
1443 1722
511 951
681 1629
801 991
1150 1276
1421 1439
801 383
1041 21
1914 401
1087 1177
471 1855
1351 1881
1757 137
85 457
58 1278
1276 1787
1047 618
661 761
451 483
268 931
747 535
1361 1331
1566 1711
1051 1798
1361 673
1013 159
929 757
841 439
1553 1006
1151 1265
255 1999
35 1421
1648 625
155 1201
1761 433
1961 857
1867 1297
1507 1635
1321 1511
1047 1199
1951 1615
1850 919
1301 1625
419 1076
1938 826
683 789
717 1001
1921 709
1933 523
1066 563
1793 1186
1800 1692
892 407
1685 503
317 658
585 964
1329 905
1126 1299
1799 562
82 1994
811 281
1211 605
1186 1293
541 1079
367 885
745 686
684 876
947 1147
1819 801
1641 526
1391 1195
229 501
1912 1613
1009 1251
1895 1025
1822 413
81 865
1681 1406
1331 499
817 1187
661 737
1201 670
1281 1612
193 451
195 1451
250 1222
881 1809
251 1529
1619 1935
1977 189
41 1361
1708 3
537 1706
1821 1097
1801 113
1907 488
232 121
1037 1838
1355 1521
1711 9
561 1981
1365 1726
741 1961
1317 1797
666 1251
1057 292
877 1661
1721 1141
1521 1891
1673 1385
1078 1801
1380 229
623 1852
1650 951
1554 851
485 921
1281 1359
261 1901
807 1233
318 457
585 1909
1411 1867
1090 1619
209 1172
851 891
1269 739
1961 749
1125 183
481 1503
787 113
1845 1524
215 112
1626 1441
993 185
565 561
390 1981
1547 622
161 495
1079 1613
1169 1551
1419 1104
187 1801
451 667
201 1097
1677 1617
1249 1035
1238 1079
222 1776
1926 664
1391 1601
1313 488
630 1806
767 1315
1 427
1737 595
1587 30
1105 1580
1835 1243
921 1347
1673 1286
1577 1401
97 1249
1826 73
257 577
1331 1611
993 1
801 761
137 97
433 510
1421 1837
1745 1717
1451 140
831 971
1633 1809
1126 1485
373 1561
1203 863
385 6
571 1754
1331 1577
1297 108
1158 561
1261 377
1593 545
1296 857
1775 1301
233 1589
1571 1337
1086 636
89 1217
621 96
853 1537
291 961
929 621
1473 771
1891 901
733 1437
1417 531
369 1187
1377 921
1247 509
1929 1111
1327 701
1681 1965
1716 1576
1761 241
1344 1449
1761 985
801 273
1049 1353
1686 569
1231 939
1583 1713
1441 373
1441 1041
1212 881
1077 461
316 489
840 251
484 99
1789 1019
1889 920
753 1239
1786 1222
751 91
1457 1549
1210 1747
711 17
401 1292
421 731
1716 731
683 81
737 1029
1205 1581
83 241
913 1185
1189 992
1847 1889
83 1352
1009 1521
981 1235
1168 480
765 671
1451 1265
1090 1026
1744 1181
136 902
1519 536
677 1419
1356 402
1532 1790
903 1261
487 767
1560 401
1061 1303
907 1016
1274 135
566 741
371 1799
361 1401
553 1807
989 81
149 849
961 801
934 868
1301 717
1092 729
1201 1815
736 746
1995 1134
1490 960
406 985
1333 625
1439 1199
1640 1537
1247 1173
632 1106
791 1989
257 646
195 730
1269 1593
24 1561
799 1821
749 125
1841 1431
96 585
285 1613
749 764
521 1995
1089 985
983 512
1881 1551
621 761
275 55
1993 105
1745 1390
1261 469
151 364
1526 1885
1481 1479
1702 1476
1945 1231
1933 839
529 51
1246 1131
451 352
1517 1967
825 919
1189 306
1811 1899
1945 1406
625 688
865 1325
897 1736
109 1747
945 461
1361 311
1983 1646
767 941
453 945
713 797
1356 462
751 1751
689 969
1207 328
1713 721
563 897
359 430
1390 1674
1821 1703
1143 161
601 1699
531 676
1401 637
1140 76
1501 317
875 1001
1586 1905
415 1259
1825 1634
1159 631
1941 127
1871 507
1041 1033
426 1167
2 1321
323 1577
1179 706
131 1409
1109 91
1121 92
1361 1680
1787 989
739 1210
1239 353
373 1387
805 881
609 1826
1 1581
1398 499
1 1900
1449 1345
45 969
706 61
233 401
417 921
459 561
915 977
865 1504
1077 215
1025 161
377 1814
1549 1841
1121 251
733 1559
771 1816
1589 1420
1601 481
959 1853
1761 150
705 1750
33 1725
11 1546
1916 1361
946 1237
1497 913
1765 29
1249 601
940 1328
626 1626
1801 1256
461 1
693 1210
238 841
1121 1926
1826 1675
121 451
121 406
557 1
724 1159
1315 519
557 1639
209 1420
1935 1041
997 1992
1977 759
1743 1101
1565 805
361 126
741 564
322 1945
935 1403
823 1837
1781 1665
70 811
284 1607
493 473
1024 520
1229 1287
1127 1781
1759 407
1057 1208
627 1758
1385 1684
188 317
1802 1257
543 1061
1478 1993
494 176
281 1238
491 41
1022 1850
1401 276
1801 1661
366 1824
1439 1914
931 993
189 1937
686 448
433 399
1927 240
1577 1697
938 1492
1585 1126
78 1853
797 869
1297 1700
1563 681
1469 890
993 257
325 1507
596 341
689 1494
1238 187
1041 1017
1036 581
225 1921
821 333
136 1444
193 761
658 340
547 1001
986 1791
1683 1821
1665 95
501 1273
1976 960
108 697
1905 274
809 1189
217 411
714 1401
972 1308
1857 741
346 1809
491 1755
621 1674
1975 1314
657 512
1741 1693
745 1576
261 426
67 1976
401 1651
1229 432
1666 1163
1534 1391
1449 201
216 1551
461 361
481 329
101 1176
256 286
154 1081
1037 1411
1817 880
1965 1070
181 919
417 1089
887 596
1749 170
1951 1025
37 1016
929 1801
1272 136
496 1222
1181 200
1679 371
201 827
764 1120
1624 1266
497 45
251 446
1699 1190
36 1211
1723 745
1888 216
1261 296
109 156
1137 1521
231 176
1 821
381 1271
1501 211
1905 1184
1830 1422
1024 1115
548 1001
1669 945
607 1179
107 1073
76 33
1829 1491
1873 1750
1953 1745
701 785
1161 1126
1479 1135
1561 1201
12 1905
1033 1096
1909 506
1313 1535
173 241
1521 899
137 1992
1521 125
381 716
1371 247
830 1805
603 1081
889 556
1252 469
1297 1417
1119 496
571 1171
1339 696
475 1915
1369 1109
657 952
1477 43
550 801
731 277
333 291
993 206
1761 1231
1969 309
581 1143
945 263
1071 717
1026 665
1329 1013
923 1621
1457 1260
37 1366
466 945
1961 1206
1887 1615
1333 1279
906 1876
1397 64
1497 701
1047 495
937 1335
1869 1069
1366 1605
1445 1073
1301 1601
1465 1873
1741 1017
1619 1465
1409 343
971 483
583 1553
733 169
1265 1845
1359 529
500 1931
1195 846
1881 1426
1961 1057
197 521
341 1931
1353 732
501 734
475 756
177 756
2 1265
216 169
449 1125
1847 1851
1241 1
1666 1847
1232 521
1757 686
313 716
1201 637
1901 676
1901 425
893 703
174 201
553 651
1447 1312
1501 570
491 1198
1279 150
198 612
1226 1837
1151 861
1441 281
385 750
797 921
666 1073
849 464
1687 136
1679 602
1681 147
337 44
129 1816
853 1561
1171 1822
133 751
1873 1326
744 1889
581 1281
1641 1489
961 519
1793 821
189 1841
1921 1021
1350 1977
1241 1097
1141 42
1196 1843
181 121
1623 411
587 1633
1978 722
1941 1281
1656 1982
329 1601
1989 1751
1679 1702
993 1461
513 1915
625 81
837 742
1 1336
417 158
99 1053
221 764
833 1111
213 663
1889 1329
305 1410
1505 429
1741 1003
1751 365
1917 1898
1106 671
976 1695
1201 871
1241 1139
719 1579
1589 1793
1578 1771
1521 1317
1867 133
771 209
727 205
1929 791
627 1207
1728 6
328 1985
1565 599
105 1531
1461 668
1019 1460
77 953
905 1217
401 873
1913 898
1267 1081
1179 146
724 1741
1239 1409
281 896
729 126
411 1981
1411 548
571 429
827 666
281 277
36 1853
914 256
80 1865
1261 1185
1921 1049
663 1551
951 1841
33 53
1627 481
726 966
1087 1033
80 576
721 1913
1513 1925
453 1428
1976 741
548 481
985 171
373 1005
705 1771
449 1369
276 987
489 604
1041 1929
1998 1505
1141 596
1213 1
918 1777
811 979
29 1224
1217 468
876 901
1733 1273
1249 1825
504 1675
1815 1849
975 889
611 401
1213 998
1711 1873
1148 1902
1146 301
651 641
737 414
779 1501
681 1541
333 817
1927 195
509 405
1801 1601
1469 1859
1145 1221
376 1289
421 1529
797 251
209 41
1593 981
1135 47
1481 1937
685 1036
1113 203
1889 377
1801 119
599 1396
1693 375
370 149
1252 181
1921 1841
539 1614
1263 1617
1519 42
1941 1841
306 1690
935 807
639 111
579 1461
1121 1757
1001 1281
624 139
1836 861
104 741
1424 1811
1697 1297
1276 1026
521 1007
326 897
526 1497
816 1976
317 1558
706 258
1109 1489
1026 234
441 1324
1326 1449
849 881
1785 73
624 1525
1594 1273
426 421
621 327
1172 1273
1 351
761 417
513 529
1351 161
1725 1617
349 1924
511 105
655 277
431 677
796 1974
685 587
1686 524
174 1287
1503 1351
949 1191
101 1917
1 1601
313 1661
1877 393
1138 1011
1964 376
511 337
1259 1159
1148 1073
961 1351
1791 1841
789 721
721 1935
1799 621
1312 1251
757 269
1079 1585
396 285
61 1801
1885 535
1170 1501
1361 911
413 1955
41 775
71 1241
1120 31
1486 1291
81 701
1553 981
273 1961
1297 1199
870 1618
1858 376
541 779
1937 1741
1073 359
1901 1715
900 101
201 351
33 401
465 644
1342 751
291 881
1233 995
1429 421
1281 921
1193 121
2 1756
673 761
575 732
186 961
846 225
331 1441
681 1150
1663 321
325 1898
676 1841
1771 1750
1646 126
89 451
1124 1834
1038 1637
1445 1557
1254 321
1850 153
1899 905
597 1401
130 149
1902 1845
963 1731
181 1057
321 1419
1790 1011
257 524
1451 1171
1999 801
669 159
301 533
853 1817
1957 1205
444 1193
1011 1485
354 153
42 900
1245 1762
1337 881
1506 1412
236 469
1569 1198
1822 992
1826 1538
1759 646
128 371
697 1171
1279 1477
1751 1785
887 1773
1469 1855
1496 10
177 1965
1401 1391
181 1924
705 1478
916 1317
1686 1601
805 1366
1381 1081
1589 1487
455 1821
1741 701
1710 1861
1701 1164
375 1270
201 1429
769 523
1785 876
1682 685
227 986
1241 1954
71 1860
541 381
531 599
945 1755
1101 211
833 1065
126 764
764 645
1915 257
1165 1699
163 1981
462 845
1349 569
390 969
46 1665
1031 779
961 401
1493 305
441 1085
201 1571
1481 1865
1532 41
1561 412
761 396
765 40
876 1802
605 1555
859 1521
1431 781
311 803
953 1628
1096 897
107 473
1514 1080
473 1878
1155 409
161 21
156 1949
1031 1841
1041 1109
845 1681
1751 953
1907 1962
1455 1741
442 1881
1 437
771 151
1203 661
681 341
988 1237
757 1118
121 526
1176 922
825 379
359 1031
1482 1441
396 1281
1977 1261
1059 248
1233 1193
85 1113
933 260
1929 391
1711 1386
453 986
1060 65
821 1853
764 521
1388 1441
517 1251
635 146
1473 1164
727 777
292 1949
982 26
1047 82
851 597
176 1251
1786 1795
455 593
1468 361
1 663
1710 1639
1729 1810
1613 1641
985 1403
651 1702
1617 1815
1013 445
1776 1729
1521 778
1876 786
1376 1657
1557 761
1399 1185
1529 1826
1797 4
1337 1563
1355 1021
1200 1823
741 378
92 630
739 301
1912 1025
1700 751
539 205
221 1531
49 1353
1879 1686
1841 1766
1403 285
1721 625
1374 29
1857 1779
1554 1631
172 1803
1654 1505
846 1331
337 1465
497 159
1787 1829
323 1055
1243 663
1581 1776
493 1254
1782 1881
1281 1911
12 1453
1416 1457
556 1646
1505 466
1937 1921
129 193
492 307
836 571
1700 140
807 445
651 858
1244 1820
1091 1881
585 444
483 881
110 1893
325 1659
887 893
1156 615
237 1507
1703 678
333 787
1221 18
546 712
1915 918
1810 913
1561 801
689 1899
456 1371
461 1649
1969 1615
1820 753
121 1826
1643 1073
101 1841
1410 195
943 1953
265 1626
1823 1245
873 1774
1150 1280
416 593
847 1586
721 1219
1369 111
1463 72
909 1205
324 1145
1739 1419
751 1415
45 1123
61 641
1628 1089
289 451
1441 1219
953 1089
1773 871
1561 321
1960 693
885 181
837 598
41 1977
535 1688
1312 1701
1171 1121
241 609
98 1029
97 741
849 97
1825 641
1398 325
1651 951
1196 1061
1551 766
355 1811
81 694
1059 431
1181 911
1237 1801
1904 1409
1 109
1506 971
1050 1706
1272 1205
1281 671
1041 791
861 1241
1293 255
1831 586
1181 771
59 1233
461 1473
1091 69
176 1025
81 1061
1423 1246
952 277
926 1125
1249 1781
1211 1393
1645 161
1321 1761
1281 92
1773 1519
471 41
1713 207
47 1413
1105 1359
1325 1246
721 3
905 1770
1148 1147
1217 1361
859 1085
1409 1393
97 829
987 1901
706 737
1809 187
793 1226
1281 1963
1247 109
661 1921
1751 1705
1201 353
45 1457
1531 1911
773 1401
1753 657
1766 1504
713 1193
881 1612
451 1841
513 1801
353 501
473 244
1279 314
1316 629
1141 1927
397 601
661 21
1478 1309
295 431
394 1026
1161 1808
1275 91
76 867
1553 105
1170 1070
633 404
1681 1233
1439 60
1 1029
753 1579
901 601
863 1235
601 154
1029 80
321 176
484 1424
1776 353
930 1133
605 163
1741 1700
201 1521
311 301
255 561
1824 1495
755 1288
885 554
501 1223
1099 1325
484 1361
1477 738
1835 567
320 177
953 1061
1257 695
1477 162
177 93
641 417
721 1441
1499 603
1161 179
1825 1051
89 14
686 654
1093 805
952 1961
300 377
990 401
1601 1811
959 1887
1591 1844
79 877
386 238
1023 291
1785 891
1765 809
675 1143
1376 376
65 869
499 1581
318 761
1168 9
1741 989
99 1546
1540 1373
1665 1323
1832 1003
148 1985
101 1536
1473 266
1866 1415
101 601
1582 60
1667 201
1167 200
1046 1409
1457 87
1897 683
1709 485
201 1897
711 1409
295 926
1069 1553
1481 1101
337 408
1457 213
421 1423
1418 945
1242 1886
160 441
1711 312
1368 1409
1402 1693
17 405
391 865
1386 1009
1508 1852
1657 941
65 1815
1793 251
1296 293
428 291
213 1106
1421 71
467 1386
1956 1664
811 849
229 133
431 1431
1537 691
1248 225
186 1317
1736 1062
753 1921
601 1986
956 1466
341 1709
1000010000010100011100001