3000 5000
412 2507
1761 2891
1671 1666
1613 1701
2737 1715
1101 2016
164 1213
2431 107
2141 1241
2926 2716
2441 1639
2548 1153
1908 1281
265 2901
1453 401
1349 2257
857 2187
1053 151
2101 2830
2881 532
1182 2929
1730 361
2843 2084
1640 379
925 1597
167 2761
41 883
2761 900
465 1831
1116 85
487 2989
2144 2557
2137 234
166 1021
1021 1236
2001 363
68 2086
809 156
487 1249
625 2143
1579 2805
1077 31
501 208
1141 1060
2356 1255
961 583
1033 251
881 2717
2483 1697
1769 1661
2908 778
1661 2233
2010 1252
1 2733
1561 1825
2971 841
1931 1032
657 2897
2163 2288
1417 18
809 448
261 1779
2229 937
1321 1273
728 1451
1234 1882
2141 1795
2261 901
521 2221
1983 1261
1651 1087
2945 406
1509 1568
871 926
2201 654
1966 1281
2685 865
2437 1581
2605 1160
541 1480
2261 2361
1729 1939
337 1421
2305 2881
66 746
1561 1554
2695 1249
1333 1922
1999 2141
631 2981
2617 213
123 2261
1314 1621
881 1433
1664 160
1567 2029
1321 131
2668 401
721 1234
2599 1039
2177 2183
690 1105
643 1251
1484 2431
1959 2113
199 881
635 2105
2561 667
116 1529
825 1273
2338 676
2311 1401
829 16
201 421
2476 1710
1833 2425
873 649
218 1508
1276 126
2345 307
237 521
1199 161
2785 474
2137 2842
1177 586
2309 2889
2344 1161
2921 15
2297 2961
1501 2401
1261 2851
57 606
1876 2161
1656 2527
806 1706
2369 640
2001 749
1828 934
2371 1465
2248 733
634 2785
2701 1099
1457 1465
701 289
985 1565
7 2481
2489 2835
2478 797
2525 181
1176 2013
751 1018
2521 1254
1272 1268
2163 469
13 2366
1840 729
1048 1429
346 726
157 1701
2385 1602
2299 2761
1324 361
631 630
1972 2473
2689 1706
1954 391
1249 2186
705 2105
880 166
250 559
1878 1589
2137 1495
1480 653
697 1173
2872 1321
2063 2176
2853 929
313 2911
1257 1945
1636 1801
1166 2481
2872 901
2831 649
1168 2789
1958 2551
3 451
1160 2905
985 2901
930 1597
1705 1681
1285 1865
333 1321
1433 1473
937 2921
1793 1384
889 2430
1795 2424
1933 478
2311 157
2601 148
1864 801
1276 677
1013 281
2755 225
2693 1181
1265 712
1711 2459
461 1871
151 1675
2860 1673
875 73
115 361
190 1993
2494 2777
901 2461
1671 1635
1891 651
2929 496
201 2881
1671 2401
751 2441
2003 2726
2473 355
2585 1198
936 2641
1225 2983
1376 2583
1553 1132
1387 1852
669 401
2929 1257
1399 745
2587 625
1444 2003
2545 1081
2599 731
2881 2719
2503 637
857 2016
1171 1519
2629 2766
836 2519
1201 289
2203 1781
2721 1035
537 2757
297 337
2502 1545
1756 2001
113 2490
159 2095
2601 1769
1 1028
1363 1761
2561 1116
2140 2939
2593 597
2585 2489
1391 31
1133 691
1228 1501
1299 394
617 2711
36 373
957 2529
151 2551
2251 1
497 313
37 703
439 811
529 1861
1065 2959
2836 2726
487 995
901 608
1636 867
393 2353
2833 2345
841 1867
196 1777
154 1904
301 1513
18 169
1975 2635
331 41
2141 1191
2299 2731
73 1873
211 1537
1315 2506
2065 2817
2563 2404
551 970
927 1579
69 1966
433 2961
1230 1601
2689 2491
2643 1201
2446 1281
2485 424
1228 977
7 2161
1065 547
1001 153
967 2634
481 2449
603 1165
625 407
2577 1921
2373 103
971 69
811 1706
865 2079
367 2398
1529 190
2041 1591
2797 839
1896 2406
2131 1321
899 313
1801 2239
169 1966
595 1105
1065 2431
1 1101
229 337
487 988
13 1171
1621 706
2565 1037
1027 2231
2595 409
958 925
187 1525
2749 2258
163 1714
2529 2833
2705 897
1545 1486
2251 2453
1195 761
2617 2499
1217 1501
769 2497
1801 919
1429 205
88 1381
1534 2914
1213 1670
581 1801
2689 1495
781 2611
1810 1756
1 907
226 2109
1921 559
1432 1593
2281 2303
979 2229
1377 820
2017 1811
1240 813
181 671
2881 1219
171 2306
1269 691
817 1195
209 2769
260 165
2581 2736
1347 2593
2751 2967
1945 2533
2989 125
2860 1993
1045 1351
2264 2899
2911 20
802 2281
1788 2713
1825 1951
2254 1515
2953 1231
1798 2201
901 465
889 466
2051 1221
2627 2933
2383 1491
1001 2965
646 1899
616 1276
2069 321
425 2593
1 639
559 241
2416 625
31 2371
964 1007
2069 2113
571 729
436 1567
1901 1881
430 2153
1966 2201
2501 1536
1379 1951
2040 2657
232 1684
776 208
2543 873
934 2395
2511 1729
2140 2073
846 153
2183 1633
1905 97
2551 1315
1573 2810
2741 2281
2201 2501
321 385
1903 2851
769 871
2001 1121
1001 1676
841 1321
2251 853
1 1936
2176 1860
2281 117
1186 232
2606 1807
1187 804
479 876
1947 1894
1367 979
1336 1345
541 457
100 2065
1749 1915
2455 2295
2945 1134
2311 1501
2971 1127
398 1741
835 699
2031 999
1581 2501
2599 814
2626 886
2553 2217
1176 353
169 785
2623 1990
701 1971
2969 1631
1419 2809
2086 1716
2452 1186
2707 2318
1625 490
2041 1501
1297 1646
856 2887
1177 1411
369 2277
889 2977
2176 2513
2872 904
1666 1563
1786 1390
1794 2457
2201 2443
127 2983
1543 2561
991 1241
1823 2797
361 1625
287 2293
143 1151
425 887
401 1256
2731 2235
1267 698
151 1141
316 461
1285 370
1624 1381
193 2859
1225 1149
2491 673
1237 1123
2839 1913
1211 873
2824 1001
1976 535
2666 913
2875 2911
2947 1111
2524 1493
751 585
2485 779
845 2200
2692 997
1675 1169
1666 2417
2693 2596
1039 2025
1911 609
2513 2026
1216 459
646 947
801 1531
1701 333
1709 1897
2393 2073
1853 2926
533 2126
1801 2896
895 147
1525 741
2593 352
490 547
2976 715
1571 2177
466 1396
2390 2038
2821 1383
1923 2240
1606 1681
2847 361
1174 147
817 1837
947 1027
2690 388
1851 1621
1000 1261
511 1708
2068 2593
2383 2221
311 2409
120 2391
2396 255
1381 1854
1552 2741
2225 63
2119 1714
110 1001
2733 201
601 1140
1921 2191
2142 563
1468 1270
1621 1
2902 1897
1401 1913
454 849
1735 1407
2263 841
312 1109
1481 2840
391 916
1657 1521
2521 1281
921 1826
2363 1255
1941 2443
1526 949
1448 2057
1921 1
2201 2614
1301 1346
349 2893
2313 303
166 2549
1921 1561
2233 2169
417 1770
1758 2479
1453 496
1253 250
2476 617
751 2588
241 2632
2671 2485
1210 2434
1001 1845
1541 1226
1018 2992
2457 286
2481 2013
1471 1825
2213 1997
2035 1867
1181 1703
199 1184
2619 1126
766 2671
321 1327
1353 401
2095 1429
2668 1804
2512 697
881 2581
346 2561
1065 257
2951 433
1831 1090
235 102
2125 637
997 1797
1822 659
1651 1681
817 841
383 193
2203 2621
1221 1737
2404 1168
767 305
1789 2835
839 901
1630 543
2473 1761
2581 1391
2125 2192
341 1270
2509 2599
1228 164
2961 2857
1081 1561
2325 1781
1925 1825
511 2683
2473 1891
2793 2481
1069 1563
2236 2831
1719 1331
1925 460
85 2638
2485 2557
753 1801
1969 1701
2873 1201
1281 283
1309 761
489 317
2955 771
2465 2791
2167 1545
934 175
211 1651
349 693
1737 787
1441 2273
2803 45
145 913
799 11
1866 748
2601 919
1362 1589
511 601
407 390
1708 2181
1585 1365
2305 2321
1315 898
977 1071
686 796
2013 1705
2851 2013
1671 2887
2951 706
1822 2153
1777 41
2802 1327
601 1177
1911 2668
357 1531
1961 2919
2551 1736
955 1705
931 2377
1633 2241
1021 577
841 897
1201 2581
2247 1671
1396 2056
685 2095
1783 2221
991 155
2414 39
211 2381
1741 1393
1836 1069
2737 1305
1057 2821
2661 1927
1001 1633
1201 943
1945 1813
2161 127
1423 24
601 2345
1261 2344
2041 748
322 961
1637 1531
223 705
1606 963
2953 619
1545 2965
1671 1717
1254 1297
2111 2591
441 1813
2501 2860
2407 2329
2065 2827
2651 1846
121 2753
835 1935
2593 1905
197 1985
2421 94
1700 1982
517 946
739 1231
495 2473
1117 2069
1359 2101
185 2237
1056 721
2967 2320
2377 844
113 2433
2271 1051
951 641
2439 882
665 451
2793 2177
2467 1455
736 121
2929 1261
447 1027
2017 17
656 2883
1406 1903
1301 1034
1 2812
2673 1585
2026 181
2371 676
1237 2431
2021 181
841 2338
2503 804
2047 1051
2266 541
1396 1209
382 2081
2291 2465
553 1052
1876 1647
2473 730
1805 251
721 1621
1246 340
799 1306
337 416
1177 2479
2521 2098
2915 2866
2893 1417
1679 2198
2863 149
313 600
1135 2201
298 2802
649 1819
1881 1401
1819 2610
2840 1087
2865 667
1585 1680
881 525
801 136
1243 2911
751 2381
2441 785
769 2553
2243 1201
2995 2911
1141 421
1401 823
580 2913
1097 265
1947 411
2527 1000
501 1351
2673 2275
1677 1403
2813 2527
2398 2301
423 1401
1099 2063
501 1011
2575 233
433 557
792 146
646 949
1211 1771
1831 2257
1606 141
1249 2481
1709 1288
13 241
1580 352
2347 643
1817 2491
719 161
1639 2935
2353 1581
1 1341
2131 1681
2416 207
2949 2621
345 1904
2491 2041
577 1465
2854 2101
1585 1818
273 2505
854 151
301 1993
601 2854
1196 1878
439 1889
2341 811
592 1612
1717 1693
2019 2843
2001 1030
1450 370
1312 1165
991 1486
1327 2725
269 2595
406 827
2399 2765
2026 2938
1045 2847
751 2361
1021 1719
2585 1201
1228 1655
1278 125
2821 1304
1081 1917
256 2329
695 2845
913 223
401 1753
1705 1897
1155 2701
2527 2209
1813 2229
1486 371
2626 785
1252 432
1117 2295
535 898
1333 425
2487 243
1131 1609
243 2651
147 1847
1579 840
2481 2475
2148 1831
1465 1072
1987 221
2203 1933
381 199
1471 305
501 612
1771 199
1081 1001
46 1429
2077 2773
1523 2665
136 1831
80 1519
2550 1850
1305 1657
718 1025
671 2773
294 241
2319 1053
1301 830
1201 1946
1559 699
949 2725
2977 733
121 2001
187 637
795 1873
467 757
2097 1417
1 397
2935 1009
2389 376
1471 521
1639 2035
2713 314
2519 729
1916 2429
1726 2773
181 2800
2376 1121
1457 2575
486 1057
2494 1515
421 2579
2813 361
2095 259
29 2497
234 1231
1845 226
2724 1
604 703
1249 2217
2956 2585
2391 1363
2081 1496
2587 421
1 1761
1561 751
2203 1351
2197 985
1539 2895
2766 1438
31 1171
2503 2124
1781 385
1031 1981
337 729
1515 112
2881 1151
2092 801
1393 965
1729 2215
2119 1511
545 826
628 1896
1345 249
1005 2161
2721 401
2911 2857
2273 565
132 2417
2117 1609
111 1211
2037 889
895 1369
2172 2051
1846 1849
617 1047
481 2419
1051 1097
373 1897
1651 367
1273 1351
633 2406
1001 1653
1809 1501
2665 665
1981 2993
1276 2008
1601 1949
1422 1252
2968 1737
2505 441
291 1197
2831 805
1777 2632
2595 255
2257 769
2041 2405
1327 2603
2233 1945
1015 436
1126 365
2098 2593
2930 1391
1861 2345
1265 733
36 778
1566 1121
1366 421
505 364
2185 2591
517 1021
1014 731
807 1889
2266 1192
2284 2386
313 70
385 2950
2051 545
1840 1837
1353 689
2428 2328
27 601
2457 55
621 209
2026 691
859 1526
2745 281
673 721
739 802
1326 655
737 1169
2080 241
2131 1606
1652 1405
766 2757
2005 1897
1598 1288
1017 310
1983 755
2005 2523
2412 2089
2001 349
2461 1806
459 2349
657 2801
1393 1801
2581 2943
2749 405
1497 1081
1017 1321
267 1559
1701 571
2741 1621
1251 601
1248 2321
993 490
21 2557
361 1325
2881 2739
2094 13
2098 577
2362 1476
176 925
1561 2653
961 1441
1461 1227
2317 183
2001 1900
991 1396
2771 289
533 2354
191 13
1191 1087
2526 2093
1724 481
1626 331
418 1414
2311 1121
235 949
2285 346
2420 369
394 737
831 91
2845 1841
155 285
177 171
1513 2449
1455 1489
1796 2541
490 1289
1 1685
235 921
977 271
2926 421
136 1999
1146 487
2153 2341
625 2117
1240 2412
2338 2848
1456 891
1552 2984
2053 1489
1411 45
889 1961
2457 481
1081 1703
587 1071
2341 2449
843 436
1284 1153
787 2197
465 657
1510 895
2089 106
1883 2381
176 2854
856 787
2801 1039
2113 277
1899 805
657 2053
1501 2965
2641 216
1313 43
1350 2881
1681 2106
1669 1261
61 2446
202 2909
1363 1513
1329 1671
2583 1267
1960 2654
1945 2833
2509 2353
2456 2359
2830 1229
20 1045
950 2913
639 631
991 2961
2605 1776
421 1872
1223 2729
2337 1249
2274 1537
145 2260
91 1081
2674 101
139 203
2251 289
2165 336
966 1526
1651 1581
955 1118
1618 253
601 1971
2348 2650
363 2226
2818 2425
1417 745
1671 520
1537 761
2485 1232
745 993
1840 469
1021 2725
1885 492
311 721
557 2953
385 2446
2550 37
2917 881
913 2547
281 46
1312 1564
529 2245
2111 2677
1698 2785
2395 121
397 2593
1847 1601
2137 943
1180 1205
1669 141
1380 1669
2340 91
2201 1303
1651 1622
2987 701
2096 1330
2897 2596
703 122
1878 1837
496 61
196 1906
1219 881
2101 2651
921 941
1433 2998
51 169
517 2416
1996 342
173 1701
1 2485
2617 457
2341 324
701 1540
307 809
1027 661
25 1033
2501 196
258 625
1801 2089
1817 1665
761 2509
317 971
1233 1951
1993 137
848 2441
655 1081
1321 1843
941 2749
2788 205
1321 2125
2269 1521
2473 181
601 2321
2469 2237
2161 2385
481 472
1873 21
521 2506
969 2372
537 1561
2437 2047
312 1873
1810 335
131 1393
137 2386
2999 1018
445 1337
1231 1387
1849 410
137 2677
2344 2569
1033 217
2353 1633
1001 133
1626 2566
935 1213
937 525
1691 1471
1744 2805
2424 2170
2821 2857
2659 1708
73 1921
2667 694
13 1200
384 2746
1510 1305
814 899
673 1207
133 421
2493 73
846 1389
922 361
2212 689
202 465
2171 793
16 61
301 2759
574 72
1163 1369
401 763
2601 52
1265 1724
2402 1411
1957 1321
1015 2346
623 2473
2089 2201
775 1897
2337 721
2963 960
29 150
2731 603
2997 1623
1521 2479
1439 475
1837 241
1765 2488
148 1990
2726 198
175 691
2375 508
801 1381
649 167
625 1145
2949 2526
1437 1045
1853 2305
1206 1090
998 919
1233 307
133 2923
1561 127
1189 1582
2111 1137
2281 2086
2636 2061
1306 2829
498 1579
930 1744
1617 1750
2079 1325
1481 1139
271 2464
2009 1822
358 1850
1714 19
923 1801
2199 2967
2801 2993
1561 226
425 2030
121 1141
501 1993
1025 1993
2209 2905
2293 2278
1459 2635
956 753
1225 2737
2284 2245
1929 217
2263 2651
1582 2942
2009 2132
2053 1121
1841 745
2246 951
2851 2065
166 1075
1766 1369
2517 1406
1957 566
2629 396
2669 1165
783 1828
141 843
1241 1083
617 1961
901 175
1516 1091
1300 2341
1788 1106
1862 2131
1743 2249
1761 2183
181 729
1817 576
1430 1690
2992 1476
187 1026
2214 1906
2854 2436
2401 754
1633 424
2686 1617
1042 195
1737 106
1360 1063
1480 1481
195 2302
2332 2943
2581 1149
2142 777
999 1405
1967 2463
2165 2629
97 2399
463 541
2961 1985
612 1491
2395 609
1061 1831
521 11
899 936
721 367
1636 1256
159 1867
1500 745
1705 2813
426 2601
1449 1793
1841 621
481 2077
475 601
1213 1393
2026 801
2815 1085
1945 591
1431 1561
845 1945
427 1645
2722 2548
2131 2645
109 2913
1713 2789
1626 361
2459 2821
2104 2751
2116 483
1031 1430
1945 1081
2689 2035
1511 1933
665 2419
1354 313
1750 2561
1994 1471
1569 232
2395 1865
1511 2197
1639 173
941 2945
1153 605
1912 1957
2536 1501
1177 481
128 1801
2485 2674
1045 1993
1811 1989
2118 993
1284 2377
1921 2042
961 2783
2219 869
1366 561
1951 2173
2101 1241
702 1809
703 2239
309 251
561 2893
2585 985
269 2049
1156 1503
943 2171
2815 1097
172 2169
814 2251
2401 745
222 1581
226 749
121 2673
2041 424
2284 1882
1053 1148
843 1209
2785 1209
1267 2649
1918 1783
1603 1842
1021 616
946 665
523 2485
2756 625
802 1873
2345 344
2341 681
1010 1465
79 881
153 2446
1077 321
931 121
1377 2356
1487 1834
1879 991
169 485
2797 1663
817 1381
785 1821
607 2791
201 717
2776 2878
65 2245
1137 2286
1556 1194
2002 511
2815 1026
841 2395
1733 2865
1873 2851
519 651
2654 1435
200 963
1121 1748
2886 1612
145 2233
2197 2377
281 1491
2081 91
1789 661
2041 382
1297 561
1435 2844
2497 1797
2251 2812
1443 1177
2365 1003
2702 1856
1201 1897
946 2545
113 1663
1329 1091
1215 1396
1044 1585
41 1025
1725 1671
2949 1141
2339 413
1882 211
1689 1617
1293 2959
1726 681
103 2010
90 439
2041 2621
2016 919
2951 641
1909 457
360 1469
331 1276
1508 1081
841 1825
383 105
1365 703
569 2599
505 1281
235 489
1085 1462
143 2523
244 1305
1591 2856
2713 635
724 358
1801 2111
2977 2185
1693 2893
877 121
1591 1301
181 1801
934 601
1109 1793
457 2386
1281 905
833 121
1411 1973
2331 153
547 653
2529 2941
207 1719
1841 2425
761 2825
91 2401
2965 2601
2273 1861
2985 1639
1819 2433
2761 2581
2581 433
1096 223
1846 265
1313 61
1501 1801
1929 1562
1293 1649
1989 1387
1379 793
262 521
1235 2161
1283 926
2101 131
841 2131
847 1865
229 1881
2995 1385
1321 295
561 577
1227 2665
1627 17
2521 1519
620 2719
2431 897
1497 601
2371 1746
1434 2813
321 2866
1593 2047
1318 2191
1176 1477
1636 265
2251 1851
791 1825
2201 2777
1121 1865
313 2843
1073 1041
1351 646
2007 407
366 2401
1477 1951
653 2461
2677 2037
1993 798
2511 31
1689 2951
2641 2741
440 287
2713 385
2545 651
2257 2281
169 2046
821 977
2665 1566
1585 2977
931 1961
314 32
222 1377
940 2857
484 1801
526 2953
2137 2849
1296 2711
2413 1615
134 228
2501 2391
2565 2033
1921 886
2882 541
1786 552
1933 1543
2014 995
1385 2527
267 2069
1665 971
1175 2329
1610 2671
1705 2215
2881 1586
2632 2196
1369 1475
2993 361
977 2753
270 1721
1105 327
1811 416
2104 379
1183 2301
1699 2617
1009 1
2401 1597
310 446
1737 1005
571 2522
2335 1293
2630 1243
2576 2291
973 2457
2335 2797
564 2211
802 502
882 2266
2209 2314
2463 2696
2373 1497
9 1501
1394 497
1561 2961
1321 201
2794 226
2797 1271
2635 1383
2401 1921
2951 2443
2771 544
536 704
1607 2351
505 2959
1431 87
2754 2849
2221 2858
2503 457
1275 901
2621 961
965 2869
1911 1537
1153 641
1734 901
2545 41
1186 1021
2073 2461
1561 2473
2171 1251
721 1000
2221 2785
475 1228
453 376
2439 1542
1406 121
2569 1706
136 2449
40 2849
2645 2833
273 721
456 571
2501 1491
2929 79
1311 1465
36 2512
1141 565
269 2041
2345 1501
985 1025
2845 337
1324 889
121 356
366 2009
1057 2336
816 1101
2189 1413
1801 143
1226 889
571 897
969 976
2494 2617
2441 1386
2427 1681
581 1303
2801 562
2971 481
885 2877
23 604
560 2254
1676 1047
231 706
1381 2119
161 496
2141 511
617 637
1201 154
1012 1903
221 1497
2119 2668
1359 2121
157 1321
1006 313
2710 1033
247 1913
878 2068
1291 1881
1961 2881
405 301
65 873
1411 818
1693 2778
2681 2936
1796 1801
298 2406
790 2041
277 1489
2329 304
2206 1561
975 321
641 341
1021 481
2399 286
2895 2401
2881 1441
1521 1225
765 1326
2419 1261
1179 1999
1957 705
313 208
2601 193
2175 697
1221 1426
2669 1105
45 1257
813 2305
425 2241
1798 1714
980 2006
2820 2281
2250 2611
2779 1900
1217 2471
2905 1096
2403 2990
2501 496
261 2663
2317 974
1626 1451
1945 1831
763 1000
689 2781
1601 2161
1189 1661
2857 2705
625 1316
1387 1903
1485 2950
509 2626
1709 1499
1369 2596
2019 559
965 1471
118 821
2681 1
1851 1397
2584 1933
2569 2971
2902 874
706 1014
1671 2105
1860 433
2071 1201
2796 1798
1521 745
1681 2055
551 251
2734 913
201 103
2213 733
991 2251
251 2130
976 169
586 193
565 2451
2805 1927
1321 967
1841 2203
1578 2895
937 678
1501 2860
2892 13
2765 289
601 218
1121 1501
1872 2457
2963 2203
1288 1611
2417 1621
1426 829
1146 1729
616 1836
2659 973
2953 2041
108 1801
2045 1240
673 802
1775 671
2626 2251
1945 1096
503 1537
1139 2113
2115 2249
1299 1126
1785 2009
2049 2733
2550 649
1761 1453
2281 2001
1869 1246
937 1249
2153 1441
309 893
469 1861
1699 1375
1204 2873
23 1
701 169
1383 2554
1327 1315
321 2471
1141 1455
1549 1639
742 280
721 2707
99 481
961 2467
579 2793
2117 1088
1965 2617
1446 961
53 409
2281 381
1981 1681
145 2609
191 469
322 769
367 1525
2023 2671
565 2065
2753 1861
2599 165
1153 1921
964 643
2437 2567
2009 2022
561 2212
1750 2191
1834 1093
376 277
2851 565
1243 408
1953 466
809 679
1185 2317
781 2169
1408 57
743 2759
1834 2677
2395 2506
217 1069
2961 973
2649 1986
851 1425
101 2350
1170 1225
919 1194
1216 1260
643 2272
2620 721
1699 1564
1137 2826
127 1073
2112 113
2876 613
2581 1030
2881 2888
213 1732
1181 1585
49 2023
437 2474
991 2884
1337 1873
2493 2570
541 200
826 1450
1197 2451
883 2041
1531 1105
903 1615
1144 2873
734 593
1786 2251
553 2377
1154 981
290 419
2856 291
874 31
55 709
1637 901
1441 2011
794 1721
269 613
713 126
2593 2857
763 689
881 371
641 417
2947 319
2800 459
2497 1933
393 1393
1453 1500
1036 2486
581 1166
2630 1456
1829 181
181 889
1453 1660
925 2641
180 5
2506 13
658 2407
2287 2233
2947 2977
2689 94
280 613
2847 1981
960 667
1861 2549
2826 125
675 293
79 611
2823 41
2665 1201
1171 1456
511 897
121 1394
1615 2620
381 745
747 2001
2839 1153
1657 1461
397 2977
667 1489
301 2449
1209 952
1473 2323
361 1502
481 475
581 2161
2357 813
1435 35
111 141
1801 316
1969 1631
1377 2628
1825 1562
2854 337
1225 1961
976 714
877 1976
2674 2205
2621 1666
1471 2551
372 329
2887 2927
928 681
1921 1956
2227 1705
1165 1779
1109 2301
1459 687
1633 2857
2337 553
2521 372
621 2830
1843 512
2685 757
2389 1739
201 2689
1437 2527
1808 2229
2651 2265
229 2851
631 1225
301 1897
1150 489
2209 600
1066 2912
262 2891
2881 9
2229 2121
1252 1079
2281 256
1585 1192
601 2688
1897 1189
2809 1297
961 665
1015 1348
1863 814
891 1096
1956 1786
1106 2713
2053 2811
2881 1321
801 487
2843 1873
493 2699
2526 2673
361 1471
1803 2173
1090 2777
1225 1553
885 2473
251 671
160 1356
1345 2751
431 876
2237 403
469 1509
905 184
2266 1
871 2801
2287 426
2145 712
985 537
2590 73
2981 1876
1213 1231
881 1675
2117 1993
1261 676
1743 1495
451 1351
1846 2760
546 2093
2377 976
2193 16
1907 1273
115 1525
1297 837
2077 2560
1747 1033
1171 2104
1583 1805
761 2089
1613 286
1237 2311
1459 1801
2635 110
2026 1996
2301 2233
1891 1601
2407 31
541 2136
1921 1462
2751 1753
256 698
2725 277
1501 71
99 1501
565 472
1648 541
106 1309
878 2965
1001 1758
1810 2703
466 814
2575 2539
2729 1441
2105 1563
1945 1647
2984 2455
885 676
1118 2746
2311 1991
2081 451
1969 1557
2505 2821
2301 55
1981 1421
841 2149
801 769
1502 1419
1951 97
89 287
2963 52
949 1076
1909 561
497 1401
2446 325
2409 1153
941 2650
1251 1297
2150 1575
1144 2524
1406 573
2129 1711
2953 1153
676 2225
1063 2407
2518 2817
2041 1276
2432 769
2159 86
2611 2787
457 28
2080 1301
448 1443
1789 45
259 305
2155 2395
2961 2541
2407 2815
493 806
2773 1900
2545 313
425 1293
2961 73
1977 2650
1401 1376
1613 1984
1883 2267
1627 94
1873 733
1627 796
232 22
2251 2266
2849 1018
437 1649
121 2065
871 1283
2311 139
416 913
53 25
2785 872
1897 1988
2983 973
2767 921
1065 703
1396 2401
265 2919
961 901
499 1396
1809 559
1601 2707
1171 2774
448 955
1562 577
2731 2637
2306 619
1537 2819
1825 2945
2894 1491
1941 225
1409 2305
2235 2704
2276 2937
193 757
1016 655
1978 2154
441 2530
1647 337
160 2228
1681 499
2214 333
1525 1801
1517 2721
725 2154
401 2806
2016 296
1148 2201
2741 2353
292 2364
1405 2665
2101 1380
847 601
1894 849
1217 2624
2988 2626
190 1971
2611 151
547 2926
1465 1287
961 1907
1351 2489
1431 151
874 501
517 71
1621 1813
1735 136
1009 1677
2289 989
374 1111
1522 2413
2173 2500
925 1201
1081 817
2665 2383
1597 607
2891 625
2441 161
1731 961
2840 1786
1535 334
1475 2071
1086 213
1 1931
285 1081
1754 777
1718 2190
913 2761
201 407
1439 1849
805 601
281 2418
2951 646
199 2636
107 2089
721 841
2258 36
817 1066
160 2217
787 1679
2413 1195
787 1501
31 1465
1197 2273
1105 2557
2917 239
2896 2097
301 977
2833 2227
943 2189
573 2527
1061 2566
437 1103
2455 1163
2215 353
2149 625
433 2011
991 2971
1957 2833
2437 865
801 1717
151 2566
835 502
2997 2718
1312 2813
2443 1433
1081 1352
813 2665
2144 2029
2521 2465
1961 2218
1691 1435
201 331
581 4
49 501
1729 1465
689 1100
2741 2989
1531 364
2761 480
1865 1601
281 2486
581 545
1465 1969
1156 2752
2389 1533
1963 2165
931 353
2181 2623
751 194
171 682
2185 261
592 2959
721 253
1415 2724
1 1234
1001 2513
1565 1861
1592 2286
233 601
2393 2456
871 1933
1721 601
294 1615
278 1453
2973 418
2580 2281
681 1829
375 1261
1081 141
2893 2117
756 1601
961 2921
543 2176
2305 181
2200 2485
1897 2341
2401 1
1510 1841
2638 2641
2233 2341
2782 2977
857 1991
633 2932
1975 2026
2521 541
1259 2629
2656 622
1065 2479
1528 2801
2629 2554
699 1172
2362 2971
2483 502
532 2237
31 2851
2404 2066
2029 1343
262 1249
2353 2404
1515 801
2634 397
852 2466
333 1741
517 2356
697 349
1136 1825
2893 985
1009 1177
2337 913
105 25
1292 1241
1089 2301
1951 946
557 686
695 2026
2701 2521
91 1721
2165 802
979 1561
1846 2665
2816 497
1711 2441
2653 753
1380 330
451 607
1407 1441
1496 657
1201 621
1764 391
1084 2014
2882 2897
1014 916
1124 1150
1881 2916
2825 2017
761 1849
2406 2617
619 2713
817 1006
45 2089
2929 410
226 2251
2304 2913
1178 2155
2413 1891
1589 2881
321 935
1371 2723
877 1465
1501 1490
2955 1149
1633 1985
403 1733
238 381
2245 1205
226 641
1477 556
1701 810
529 1825
1411 2465
541 1588
565 226
2341 2851
2381 1447
114 2893
2927 2321
51 373
2725 2414
2525 2266
417 1697
2443 121
81 1297
1549 1346
2796 2404
2494 1681
35 1339
105 849
73 1897
2949 865
2467 1201
1733 517
223 403
29 1
61 2729
1965 1501
1789 1425
1451 1201
1621 336
1021 1096
2585 2644
1785 2648
1631 257
2137 781
1429 631
445 473
1715 2701
1725 2317
442 281
931 930
2406 2881
794 2977
2869 1591
1486 996
2712 1553
2893 2689
2296 2857
1261 2669
967 2971
948 1601
2401 655
437 365
417 2511
29 1416
2081 2959
1497 2359
1846 755
1465 1912
945 1633
2482 421
981 1993
2479 2583
2649 1148
2725 426
211 2159
2722 1547
1393 2149
71 376
1501 1018
1983 1939
2417 1156
847 2333
57 2998
1405 841
1788 2353
1251 1951
2281 499
2001 2791
2613 541
408 2341
2475 2158
1237 1481
876 1081
900 2245
7 2101
1237 801
1309 2185
1481 136
1750 1855
229 499
1081 1391
866 2859
1881 2254
165 2857
2757 1595
1833 1028
2800 481
93 998
2636 1369
1361 487
1946 2793
1735 1
1979 2173
901 814
1048 501
1753 1567
922 1721
1477 2284
2641 2515
636 1753
2259 547
1201 2889
2431 2953
2272 1508
2649 1045
1984 2245
901 1547
2641 1201
1039 383
550 855
301 299
1426 2731
1889 2313
633 1268
821 2291
850 1721
1061 2960
721 2455
751 2305
2877 1873
1673 677
1186 1153
1667 1951
2434 265
913 1249
2809 1421
22 653
2752 1231
74 2425
2051 2843
1501 451
1885 1501
481 2587
882 781
1429 225
2239 13
2899 2517
279 1405
890 2386
1831 211
1081 1903
796 2447
2374 98
1851 361
484 2865
2425 2857
717 2610
145 569
465 1654
2879 1486
3 489
2382 488
1111 1609
2550 1954
1789 1537
958 2032
2391 2061
451 2633
411 1701
69 1825
2441 2818
2773 2501
331 7
1885 2329
1101 331
541 1168
2551 1126
1939 1643
2704 805
1586 2233
513 2911
2746 1262
541 1791
1685 1721
2371 2335
994 922
2017 787
496 2557
2095 524
553 454
1933 2007
1071 957
2671 89
2797 547
178 637
2236 2209
2601 2566
872 1126
1913 1103
485 751
439 2361
1657 659
781 715
1762 1225
2113 2971
501 2561
2502 1552
2379 1000
1537 1951
2197 2045
507 2736
613 265
1021 712
976 1301
2509 49
2652 2715
1966 1701
988 851
2941 2310
2596 2479
160 1783
2851 1097
761 212
151 1951
2141 454
2313 341
2260 697
26 1057
1048 2001
2641 2554
726 2131
2681 2413
271 736
700 229
236 716
2326 2941
2581 1954
11 857
2521 1360
2761 2325
2092 2449
240 1906
2713 671
2977 2959
1728 1534
1321 2781
2910 1651
745 467
497 2263
2005 643
2545 1255
400 1045
1626 2521
2599 2195
1801 1561
2921 2701
2768 1745
2401 105
2887 2152
850 2651
2601 361
2057 2395
1441 2787
522 401
2086 817
797 973
961 2929
2461 2987
1780 1618
1811 1103
2797 1465
1036 51
2107 2929
2221 1486
1485 516
542 1879
1651 828
484 1501
1081 2346
2497 1375
2962 2679
1545 2911
1951 2359
226 2989
2851 1953
2859 190
2005 991
2301 2983
625 2305
2452 629
553 360
533 1461
370 1501
1686 2211
1609 1591
1493 2085
2351 1649
1440 1753
2505 827
676 2754
2713 1489
1153 156
373 2411
601 503
778 209
801 806
1020 2125
863 61
2317 2005
1627 1291
796 1350
1900 321
2818 1699
652 541
1225 1761
1868 838
1078 2969
2361 1039
1529 33
2737 2319
451 21
2158 2081
2695 1693
1876 598
1561 1726
1309 1378
532 1588
689 2077
829 925
1771 2233
91 1513
521 1
1901 2121
2806 2419
2191 2711
1401 2917
1621 375
1281 2731
461 2537
2509 2295
2814 2226
1213 249
2807 2728
655 2801
1681 481
2113 1153
1060 721
897 769
2351 1997
417 1177
1655 1966
2088 2881
1414 1057
601 2953
1471 841
2721 2641
2601 1414
2945 2964
1961 1921
2751 1151
2375 1766
73 1345
1281 2641
467 1492
925 1269
631 481
1537 2494
751 1577
2175 1179
2260 1
1201 2773
2851 682
661 525
1398 416
1331 2631
2818 1609
163 816
2551 2735
2361 2007
626 718
2555 713
1105 2119
2926 2681
1811 1509
2969 1205
673 581
2387 304
1509 1439
937 49
2683 2811
2245 2227
2671 2802
923 127
1153 1777
2035 1775
1314 2426
247 2308
205 1273
107 337
2225 907
2839 2319
2249 699
1943 2217
1887 1768
697 1765
1772 892
2129 2227
941 1763
2025 1513
2111 838
607 873
2839 1373
919 1885
2444 630
409 133
2303 2122
2654 2737
869 1371
2210 2325
829 2651
1774 2889
2300 2784
1365 901
2845 1893
166 257
934 1985
1834 573
1255 1945
2726 1631
1501 1893
1207 376
1218 1321
1775 673
2137 21
1879 2789
1825 283
973 2191
1081 1727
1051 10
826 1973
2149 2578
493 505
1732 81
313 1268
1333 931
1177 2533
2365 568
2881 1561
2971 307
1659 273
559 217
2355 913
1541 2891
1815 2029
1318 1189
2521 2681
1081 2621
1672 2392
913 2409
1636 721
521 2818
1551 1904
185 2171
1819 2720
1241 2049
1573 1536
1414 2489
41 2035
2221 621
146 66
880 1157
261 2097
2277 1004
2401 203
2201 2256
897 31
2441 2561
2989 1981
2476 2848
2711 1607
2671 250
2089 841
1297 2645
1504 450
2341 2693
1885 2356
1511 2355
819 617
2458 2029
1247 1783
1726 796
2878 383
561 2262
1380 2289
565 73
2371 2401
61 5
2275 517
2191 2163
1670 1943
2565 2023
445 2546
41 1987
655 2191
1801 1864
481 2101
1756 2971
374 2193
2851 929
913 2431
2191 2380
2338 1441
2561 1951
403 929
2374 290
2624 595
1981 2740
1761 534
1513 427
1969 1889
1553 624
1027 1116
283 1306
2588 1005
976 1611
2881 529
2077 457
2303 1471
897 1899
401 1129
844 1681
1001 2161
1341 1176
1648 1733
727 2658
2923 1801
2549 1790
821 1561
925 550
1872 577
1506 2393
274 642
2647 2161
2555 1941
1025 241
2260 1956
2461 1506
1459 1147
2791 2705
914 1516
2113 1525
67 853
1967 2845
2621 1606
2182 1932
1781 97
2415 2491
1561 1429
2828 1561
2897 201
2369 2409
2071 89
961 1717
633 1271
2944 641
345 2411
2691 2782
1561 2857
1256 1086
531 637
2881 1905
2521 86
1091 601
1073 2365
2243 2197
2703 2968
729 1975
2629 1482
721 962
2663 67
865 457
2257 2469
427 945
336 2112
1574 2917
777 833
2323 43
251 2809
269 1119
901 807
2101 402
1936 1749
381 1231
1280 619
67 1777
2401 2788
2643 2006
2448 1583
1329 168
2872 2713
1317 723
1476 470
2791 2233
2559 1785
2869 817
2257 1551
1417 1189
1811 2100
1707 17
1667 2609
1361 1765
195 223
807 1771
249 2197
1168 1541
1089 2361
1609 733
751 717
136 2818
1888 2457
7 341
2575 2935
2725 2825
2985 2238
586 2299
969 2257
2523 2201
2431 1507
1457 145
15 61
455 1401
1995 2019
2481 897
1051 781
361 2079
1290 1689
2126 1029
2073 526
2509 1501
733 451
571 1241
2223 1525
871 100
2484 2881
2881 2701
535 2466
1953 2617
803 2890
1076 965
2905 37
2824 1533
551 361
2685 2121
2983 1871
1390 161
2333 1288
676 1966
36 2156
2266 998
2521 184
2721 576
2777 1225
2311 661
1735 411
1243 929
1453 310
2346 2593
149 1611
2901 2911
227 1534
2557 2153
2736 37
1116 646
2242 1100
1549 1352
761 2749
2561 2097
2681 2911
2735 1617
1147 2851
1897 2281
2501 2065
2056 1921
1506 2464
2427 457
2380 2265
617 721
1524 1853
849 2893
817 676
487 351
2980 721
529 411
2233 1006
439 640
2972 2620
1667 2488
681 1876
241 574
2906 769
1873 631
1780 1929
2569 1
2361 2644
2386 1873
543 820
2101 883
2512 2599
2331 1507
2410 619
2609 1276
2285 2233
1063 2177
1249 2571
854 2429
2839 1767
2652 2697
708 1441
2025 393
2411 2968
1861 2521
766 315
801 1001
1726 2623
1914 553
2855 1059
649 2388
1501 721
2376 1177
421 151
2608 625
2851 693
735 841
2017 1609
2077 1612
1276 860
2802 877
1185 2753
841 514
1947 1276
1481 21
1651 2755
1111 283
141 21
2998 1861
424 1137
2266 361
1694 1816
2237 2351
1813 1399
1561 2905
1321 2596
2881 2355
2412 1957
1372 1545
1174 301
2302 33
1431 2222
1801 1309
2155 2381
1115 2286
625 2453
2825 1735
341 601
625 2223
1341 2193
1263 2566
2274 2805
121 169
2380 1249
2476 2953
2221 1351
1760 244
1408 1887
2086 263
363 772
2051 1845
895 2521
1631 940
550 362
1798 900
2809 17
1893 2121
241 781
2747 2981
481 2243
400 308
2485 961
541 431
337 1864
1585 33
1701 601
1940 2216
2885 1975
2109 277
1201 2276
2821 2197
601 483
361 445
1387 2991
2295 432
601 807
2753 1501
1471 417
2502 2776
2281 1236
1864 594
273 2973
1859 2971
971 1800
2611 51
1961 1
859 1633
2315 1519
1444 283
1185 319
2681 1408
517 747
175 1090
1644 1327
1152 673
145 855
1345 864
149 2377
2423 1501
85 289
2497 251
829 39
1613 477
682 157
937 2980
2761 1489
1177 1153
1261 2437
2089 667
301 1552
1973 1681
601 1789
1582 775
1103 2721
985 1630
361 1390
1111 2560
2464 1606
2107 2025
1211 2837
137 2095
1 1321
2101 911
533 2656
1609 2945
716 1261
1030 1999
1649 2897
1953 1129
1921 2749
1829 1491
1543 616
409 401
1156 1025
731 559
2338 271
577 443
2713 2480
2639 2885
2890 2697
2881 1363
436 2286
922 961
2281 1501
793 1537
1001 2851
1720 531
211 1711
1591 2153
1913 2037
1779 1001
2256 1045
745 1801
736 1468
169 1497
1743 436
2443 2567
1855 565
2001 2761
249 2737
976 191
2839 328
1041 671
2481 121
1117 2350
2165 6
1333 871
1129 736
1961 1756
1452 2016
801 549
2817 2641
2633 1685
166 1618
2464 2284
1241 2323
1504 2185
651 1909
1009 237
31 1390
2821 727
1561 2167
1426 707
2221 1043
571 1857
2915 1321
2945 1561
1121 2362
1993 847
1250 1017
1201 483
953 2581
1842 2593
2481 993
133 841
1927 2461
2725 2517
1883 2945
1331 2479
1481 2185
2213 631
1396 2255
1369 1149
2176 2191
1639 2905
2778 1426
1486 2649
2612 865
270 1201
2297 2247
2749 2363
1708 781
128 1373
2437 2345
605 2402
2272 737
2353 1225
751 2420
653 2113
1401 2874
801 1696
2897 1001
2881 473
1831 2173
847 1843
363 1771
1732 1471
1401 1753
1685 100
1117 241
479 568
346 1276
1111 361
1037 1501
377 1651
2537 2521
2191 571
349 126
461 2626
1301 1365
1193 1061
974 1549
1691 485
1375 1681
379 1248
2033 1899
1555 1406
2077 2581
889 2001
1525 2067
1840 637
2232 2389
61 457
847 1930
1933 355
2629 496
2676 9
1314 969
217 2609
1436 1687
7 251
196 300
2507 1681
1528 2413
1711 2416
1698 2902
31 2121
1483 961
2677 505
1861 2038
1057 1083
466 1017
2830 2250
1663 420
1300 2161
2641 886
1124 2797
2601 181
2065 907
1591 526
1281 49
616 979
233 1224
1286 1071
1393 172
2273 1713
1336 1125
736 2417
593 801
1219 2872
793 1621
1710 725
2793 1197
2131 1797
80 169
1986 1563
2585 361
1825 98
205 2084
2065 2209
421 2721
1669 1621
1097 2593
2125 851
991 1069
2355 2237
189 1833
2857 2215
1081 1741
1962 18
2371 789
2141 41
979 106
137 1360
1156 140
1651 105
437 306
1213 1881
1657 1051
49 1106
1161 161
1026 1855
1588 337
1753 553
1599 626
343 1321
1804 1647
1493 1681
1521 393
1902 2521
1929 487
1021 1846
1876 1623
875 141
2858 1572
102 2197
946 2368
325 766
2845 2791
121 511
1957 2731
1846 321
2320 1729
457 2739
2821 1345
521 931
1041 897
1793 1183
2762 2520
47 2161
2587 2188
508 184
1917 1911
271 2329
2191 937
2101 1900
326 1159
1541 605
2281 2605
301 2092
2487 480
322 325
727 267
2073 2089
198 115
303 2224
2551 225
1219 1983
1 805
1088 805
2446 2204
1001 976
2553 1039
1249 2801
361 1701
1400 2689
1876 2503
7 2961
67 1181
1589 2033
901 1969
210 574
1 1816
1401 2560
1261 434
310 1441
2303 2086
2677 425
2499 1951
939 642
370 2441
1805 223
1181 2915
1069 694
1690 1981
2020 2587
1732 2137
601 1337
2991 2809
2601 1009
1861 2545
2734 233
2368 2723
82 1200
2055 1273
2053 1870
1321 797
2969 2422
2516 541
1195 2951
1282 1953
2290 749
4 1413
737 2227
777 576
2920 2563
221 1099
2807 145
381 1825
1657 1921
1041 1480
1849 1951
2401 501
101 1726
7 1585
2281 2695
2635 929
1098 1965
475 2717
2383 1484
781 787
2665 1001
2497 1522
61 154
1726 2023
2788 1351
2464 2833
2009 1579
1323 2403
1243 1496
2279 920
475 1765
1811 1450
2649 1231
2281 2632
364 196
2099 1516
2357 1291
1060 1612
1377 1481
1277 385
2247 1703
563 1936
2842 2185
1036 1
2243 2737
341 1291
1768 2745
1123 2989
2912 1569
1021 2575
2581 746
1253 1744
1515 649
2337 1963
1575 2297
2541 2525
469 1698
997 2701
1345 505
1573 1221
2957 1126
25 541
1251 1879
49 1705
1398 585
1961 99
1841 1165
1573 533
2947 332
1791 1623
1520 1609
926 1375
901 2916
1828 922
2051 1663
2485 2701
2330 461
938 101
490 1033
353 145
977 2321
811 1109
951 2401
1517 2569
1033 2690
257 1973
452 1182
1621 2225
2977 441
1993 559
771 1670
2708 625
2051 469
937 1447
1691 2153
1133 2661
739 2914
2593 2313
2625 1034
2555 2293
1330 1495
1006 411
1651 41
2361 2557
865 1051
627 436
2956 1764
1190 1915
1753 2029
70 1749
2305 1
185 472
1738 2073
95 817
169 1725
1425 959
961 1257
13 533
165 844
527 608
927 2497
2785 471
817 1241
1833 1381
1848 2771
2917 2383
521 633
2689 716
2833 517
385 2293
396 2053
805 864
829 929
655 2986
2039 2304
1175 1501
625 1958
2224 2341
2263 817
2023 368
1789 2877
256 2801
2513 2314
310 987
1117 2770
1171 307
610 1485
739 1851
301 2458
289 1953
1606 2295
784 2281
2073 401
2059 2697
139 1879
737 639
1361 825
1846 1191
865 2401
1903 691
541 2453
1054 66
1869 1061
526 409
1831 2945
91 273
717 5
497 2751
2855 381
1551 1789
1573 529
352 386
2737 1333
391 2497
1912 1581
1273 2126
2851 1663
1939 1167
1532 538
2833 1838
121 684
1169 1651
115 341
2765 2029
2439 981
801 881
2110 2649
521 2441
193 2547
1759 2453
1261 553
1385 955
1185 2614
2229 2661
2811 1171
1938 1969
2473 2501
1624 793
1409 2196
851 11
345 37
309 489
125 1260
2082 1762
1399 1633
1747 254
739 1181
433 2201
330 145
231 601
1708 2527
2363 2950
2116 457
1671 2563
1051 1273
2719 1357
2377 1051
1888 1460
2615 2295
2353 1921
2326 1993
2473 1801
2724 516
2851 1477
40 1828
2617 2665
2441 1897
2871 2659
1169 887
2500 631
2615 1573
618 1661
349 705
1954 1738
1581 1981
1219 745
1481 2371
2851 1951
2405 2697
597 770
771 2856
2575 1783
285 1501
2530 601
2119 2041
1507 1951
931 346
2695 1591
2042 633
1402 2407
1921 1340
1483 2355
2961 71
120 2599
681 271
1644 1795
2500 213
361 2336
2241 1705
2781 2422
745 2737
945 2001
1007 2329
2710 631
146 2761
2056 643
1881 2761
1901 541
10 1079
476 2581
789 816
1955 865
1058 2809
1179 2551
161 1114
1222 2589
2457 1143
2776 1430
236 2872
1513 2153
2137 1281
2383 2795
1633 2299
2449 133
1433 769
1867 700
826 1489
1121 2757
76 2785
1478 674
297 2089
2296 875
93 856
1501 205
8 1033
1918 649
961 2591
1708 1883
145 232
3000 862
1897 205
1606 2296
1241 1945
814 493
130 2716
2161 691
409 2617
2833 1213
819 1229
919 1821
2615 1675
1396 745
2629 2413
2965 421
1801 601
2949 1762
1808 2981
901 1115
2536 1985
2403 557
1009 889
2769 505
1907 1154
2629 2986
518 659
1627 1621
2125 2867
2997 1979
1741 2201
406 1757
634 1703
2997 2551
2482 1407
2195 77
1215 103
1229 1870
1823 886
1557 301
575 1753
1345 2788
1957 2699
583 2684
2601 241
763 1441
2113 2055
1807 2100
172 481
2416 1201
2487 2429
557 2889
441 2800
2997 2074
2221 76
1781 2664
1851 850
170 1561
1641 2686
1744 1381
2753 1301
2425 1525
961 1239
2313 2505
2199 2023
2176 2372
766 2899
229 1321
2926 1099
992 2541
2087 913
1905 219
1081 2141
2633 2173
400 1369
278 2071
837 769
992 2788
2647 1576
1273 591
618 2935
369 2947
2803 853
1729 726
1125 1450
1126 1666
636 2379
2541 89
1219 697
1301 223
241 161
908 2289
2701 803
581 2041
598 2575
241 1527
2437 1833
601 1137
466 1981
628 2861
1026 2341
1017 1021
1270 692
2889 265
2652 601
1505 2834
1467 501
1349 346
2671 937
451 2051
2596 843
1711 1961
2362 593
2850 721
1196 2458
2457 1818
2557 2127
1057 1075
2395 1828
247 1990
121 1798
2761 1270
865 2266
2101 1433
1183 2064
2236 2073
2188 2536
2101 1756
1534 1561
736 2481
409 2965
1331 851
2020 1534
2685 668
2884 2966
689 2886
2965 2561
677 2369
151 945
1993 2371
1969 2169
2799 2917
697 475
1745 693
1901 1937
1305 2331
2737 2458
763 91
871 273
190 1819
411 153
931 241
124 2776
1701 2531
1209 141
2503 1285
2050 287
529 2113
2101 1830
1291 2207
2065 2421
1153 2477
2479 1171
1992 627
2766 374
1001 2257
1955 2281
2821 481
2452 1801
53 2389
1245 2590
2473 2893
2101 1141
289 2095
471 2973
177 1
873 58
1346 1773
1528 2513
649 2851
2091 2736
414 2971
301 2461
1625 1985
1461 641
2131 1001
571 2651
2113 1049
2957 158
331 1252
1081 2771
2563 1545
101 2851
2937 329
257 2393
2389 2776
1816 1063
985 2981
2381 2157
2802 1449
547 2751
2273 2302
2065 41
1885 1651
2461 1639
1441 655
23 2841
2758 512
1635 874
1666 576
1105 1617
476 1129
500 2641
1857 866
2491 2326
1372 2870
1377 2149
1966 1528
791 2476
2779 2212
451 985
1051 1765
1033 1085
1474 61
1909 948
1545 1393
1161 2029
2170 1826
2212 2623
1003 2659
589 2407
1459 1853
1947 2441
1993 2401
456 2117
1069 441
2345 744
1153 2935
2375 2637
2231 2557
2953 835
511 2905
2587 379
1466 1057
2701 193
1989 2467
2558 2401
505 577
2806 1457
851 965
2113 281
346 121
2330 991
586 2037
2530 1145
2720 837
1276 226
151 1849
1873 1361
1237 341
1231 2590
1123 2331
810 1528
1985 2506
1292 1761
2239 1187
675 2263
2976 577
1588 277
2661 1246
1225 48
153 1105
1413 2584
1931 404
1369 2101
1962 1900
211 791
2694 289
2377 1052
1815 707
731 1819
943 1041
2353 1681
2177 1411
249 1301
485 2473
1273 358
190 109
1821 241
1429 1968
445 661
792 876
1901 1209
1891 2381
1308 2141
871 433
945 1426
197 296
97 268
2869 687
2725 1216
2623 2110
2871 349
99 1742
1329 2969
2057 2345
2641 7
1537 1001
665 247
1228 2599
502 562
2977 444
2766 2601
2101 343
1201 121
2057 59
566 1181
2593 2787
2751 1945
145 2773
2441 2077
2421 593
2661 694
939 1627
1940 2584
65 64
185 951
2025 2446
1361 2400
811 1
2331 247
262 1381
1711 1423
865 2389
25 172
1741 284
2611 79
142 1540
2221 1975
2037 229
623 1270
1426 1101
2197 1516
2641 1017
771 1801
1057 2116
1140 1561
1599 677
335 2597
1415 1031
1625 1361
908 1561
2161 1798
1393 2590
2057 948
2401 2581
151 541
812 2297
2249 2009
478 1397
1641 2057
2514 2201
2839 759
2697 1721
694 1576
1559 221
1177 500
656 2281
1417 1573
1478 2513
1603 2701
1298 2285
1021 971
150 901
2548 126
1459 1259
2416 2121
2109 357
1681 2017
1017 2996
1201 2851
1359 1777
2457 2251
1024 2713
376 474
309 217
1408 1837
1891 1057
2421 913
521 151
2954 401
1738 1926
2577 517
2945 862
1091 2131
810 2941
46 1969
709 2593
751 631
358 881
2065 310
1264 1630
356 211
473 555
2121 1153
41 1515
28 345
739 2620
652 2623
2802 1
235 2343
318 2029
858 1143
2441 835
2992 2217
481 2793
1783 1973
1245 778
2319 2165
1131 2490
1473 366
815 1513
2377 1656
2739 731
201 2520
1717 2391
1846 1763
178 1301
1543 1476
2617 825
1428 588
1876 2701
1 2035
1021 1313
1250 1201
967 2416
2281 369
2293 2866
1651 1841
2879 2785
2291 1129
1862 1475
2911 1921
2066 1054
2627 1360
1875 2077
2299 4
2073 1721
841 217
1481 168
241 2344
1783 1661
2601 781
1573 2758
1623 2656
2707 1777
993 636
1686 1549
1756 1403
2297 2493
2273 2800
911 1090
241 867
2404 2626
485 2696
1009 2533
2125 1486
949 33
1411 1725
565 2787
1273 941
1249 1417
2731 2247
511 951
1489 1571
721 983
373 1171
1157 2949
2441 2609
1317 381
71 473
2896 2751
2581 1279
2466 1649
844 692
86 2689
2155 1740
2089 2179
2641 451
2041 2084
1101 2961
1819 1195
1081 1639
1766 1063
1499 2009
1671 681
1801 2749
89 1386
1795 2061
2036 886
2353 2641
2547 811
2129 1237
1201 910
1579 601
1305 1807
269 2581
1777 1504
1505 2453
1477 2229
2011 1811
2426 169
1825 561
2074 1481
2671 475
1984 219
1426 229
1925 971
1776 2771
321 2980
1841 1299
1873 1705
1 2944
2929 2068
784 425
162 1121
1381 2760
142 2065
1783 451
1543 1129
2557 911
2281 1216
2188 1033
1321 2137
520 2989
2281 2248
897 148
921 1651
2087 2788
2001 2041
416 1660
1855 2781
2612 1786
2921 1513
538 1082
743 1711
2632 271
77 1319
976 463
846 1447
506 1089
1994 2439
247 2419
1121 1790
2769 721
2395 15
623 309
2027 2881
1857 193
2674 1788
1876 1381
1158 1057
1489 697
2381 1105
661 1326
745 2593
1457 1321
1201 1321
2389 1780
2387 1591
1351 1751
232 31
721 2473
2911 249
809 2203
2549 1795
2057 345
2401 931
498 233
1776 2632
53 1749
2305 989
1519 2786
211 817
189 1033
1426 629
598 2797
2737 713
1109 1393
2854 1492
1387 1467
1948 913
67 553
496 124
2669 2509
2407 1984
2701 1921
1071 961
2887 2389
1006 1939
1053 706
2212 1973
1942 179
1767 1465
1261 2446
1786 1517
282 398
1621 174
1369 115
2521 2476
44 1765
2092 1153
361 706
2649 1505
20 2801
1583 2728
340 841
2921 2561
1291 2449
13 501
1751 2701
601 2206
1477 1615
177 136
1910 41
2163 2204
1693 1321
277 2241
1383 1710
2715 1775
2329 1471
2317 449
1033 1543
841 2175
1099 2156
901 1941
2816 31
771 57
1804 457
2689 220
1225 975
1816 683
412 1339
163 454
1981 1149
1895 175
1420 889
896 701
2543 2762
1191 1779
2767 1776
2866 2313
2985 1801
1770 1969
2641 1551
801 201
2185 2401
941 2113
2976 2431
1 1169
647 1435
721 2479
217 1273
807 1121
1741 633
1489 1461
2697 1979
1728 1997
157 2916
497 2872
1783 2489
2341 1484
103 2081
1261 1981
2593 1320
2271 1852
1771 1027
1081 809
1529 58
2971 857
1369 2416
2085 2651
2281 2881
1921 41
1925 1605
91 1441
2000 2149
2260 1396
1483 277
2551 825
7 649
17 2647
2565 1289
1909 2212
1915 817
1609 1989
1405 1057
2183 1361
1540 511
919 745
2980 2797
2215 199
2706 2041
2581 631
1745 127
1009 367
2731 1076
1661 2251
289 2493
2239 994
726 893
769 317
2911 701
421 2273
73 2769
2848 1697
2571 994
1606 757
1516 521
2601 903
571 2347
1207 2941
552 1469
817 2482
2362 2521
2593 1836
2989 1629
961 314
1881 2712
1261 2893
383 241
1658 961
969 67
26 2870
565 2745
1419 2901
1809 1993
2205 1661
2813 835
1009 121
781 304
1846 2905
65 759
2500 2833
593 1133
946 2711
2081 2071
1377 1001
2731 2326
2567 2681
1831 1221
586 1405
1135 1261
774 943
1731 1893
1720 2547
334 2781
1845 2385
2001 1085
645 805
1001 2961
243 2884
2851 335
247 2746
2817 1985
2927 353
403 2587
401 535
2752 2448
2599 1069
2389 1691
1897 1438
2086 137
2953 2831
199 1111
2047 1895
256 2605
1390 2566
2968 583
2059 2965
439 1748
1163 441
2109 2149
976 801
754 493
2836 2701
1525 2185
518 960
2961 2225
889 2228
291 86
2803 2374
2215 1081
1138 2974
2434 453
904 711
77 989
1 1601
346 1721
2200 2714
2260 2869
1477 162
2999 1511
2629 307
2467 638
121 2090
2569 73
2614 1216
2705 281
1741 21
19 996
2733 1161
561 7
2131 2781
1330 1777
2241 2096
1459 1919
1469 2147
221 295
2749 460
321 2941
2443 2272
73 1422
220 345
1561 2461
2751 1363
2945 1663
763 649
1985 2787
2401 2876
2034 2781
2433 1826
217 1184
1649 2011
251 531
1017 1425
1089 641
1881 2281
2797 169
1941 1265
1757 1931
2615 1240
2604 897
1939 1569
1444 943
995 1969
919 1129
101 2683
2895 33
2127 1225
1338 1435
378 1273
479 233
2620 2131
931 829
425 2260
711 1633
1621 2914
2879 283
2129 2713
1771 2987
2236 536
2485 17
1170 2377
2106 1297
661 886
585 787
87 1375
1249 850
103 881
1465 1411
429 2989
818 861
2053 1893
2301 2701
969 1356
2281 1543
537 136
1969 1081
1462 1377
169 2739
157 1549
977 196
1923 1789
561 1081
2494 2997
1640 1663
169 2481
1647 751
972 209
326 1786
199 2737
2473 1600
2646 2337
121 2737
1441 2203
1501 495
2441 761
1692 2191
641 1363
248 343
2208 1777
2065 1902
1801 1631
9 825
379 460
201 2176
1425 2631
697 1699
1101 2137
2402 893
37 2038
375 1617
2961 325
2825 2945
1717 1085
1926 1981
1681 1377
1137 2073
2773 1443
93 2359
1719 1441
337 2188
1553 3
552 2461
1326 1003
937 1561
361 1333
2459 801
1421 2527
2717 973
1381 2836
2260 1294
2230 169
843 1729
397 2893
2146 1501
206 2015
1789 907
1339 988
2891 2827
2301 535
766 488
100 1149
249 1625
1641 2949
324 353
914 2665
814 432
877 801
2428 1061
2532 1136
1993 306
2921 401
685 2851
2216 1717
2305 197
2537 877
367 2313
1441 2813
387 1811
2151 1591
767 345
823 1541
2299 816
229 1837
1741 207
2956 2777
1576 1277
2569 2504
1476 2770
1241 1505
2824 1999
981 2326
516 2902
769 319
1465 2004
2401 2299
1513 1321
259 1156
159 1574
1681 409
251 1621
581 1451
457 1485
859 2933
877 2872
116 361
2197 251
2771 1507
2370 523
2326 499
2104 400
976 413
1296 2873
2173 2745
634 566
2764 751
1084 1436
819 1401
1000 1369
2161 2948
871 376
2271 1281
209 1376
1315 2476
1652 2291
65 1585
1291 943
1745 2353
2505 431
2009 267
1413 709
2575 685
569 1225
526 1119
115 97
2263 1671
457 1441
469 529
1 561
1917 550
1323 2529
2777 1988
120 2743
515 1989
941 2521
51 1897
1519 2701
337 2221
111 924
2377 1873
913 1502
523 201
2366 1861
781 2407
1342 1665
2011 1601
1225 970
1001 1855
289 101
157 1767
761 277
1153 1041
2834 2117
929 1388
2094 1228
1417 1456
2405 116
1165 1426
925 2962
1273 2676
2253 2301
251 2833
2701 1423
2921 2086
2776 1627
2065 1366
1731 2421
1129 2305
1992 1921
829 2954
1645 1601
186 511
1739 708
2699 1745
1017 2841
497 2285
1353 1008
577 346
10 1693
2505 2633
2351 2198
2665 2806
2335 2776
891 829
2761 2788
2106 14
2986 1481
746 2821
1251 1839
2433 2321
442 1609
1525 2909
505 2179
2521 1945
2205 2905
2435 214
257 1177
729 349
1883 1868
1705 601
455 2907
2310 1784
2689 2026
2920 2851
7 2465
333 2341
2219 2635
570 829
391 1962
2821 1285
2876 1649
2369 894
289 1199
983 404
2966 2731
1026 1837
1171 2081
2689 2349
211 1310
1945 2947
741 2801
2748 2759
0001001000000101000001000001000010000000010000101000101000000000000011010011001001000010001010000011