3000 5000
1201 2653
1987 2026
893 1672
2413 1897
1655 1811
813 131
2721 1693
1987 2146
2001 1011
1423 1282
2865 1851
2025 2713
826 2641
1145 1817
2681 801
2719 2346
2276 1987
1363 429
317 1929
1929 1519
1233 2561
825 1351
1353 2837
88 800
727 782
97 83
2010 2977
1189 2731
1728 2922
724 1363
1726 147
2425 883
1261 1452
1291 2617
1537 1465
1903 877
2075 931
437 2581
2434 2921
2881 637
800 2604
1999 2311
422 127
1009 2809
43 1960
1732 2881
2561 2279
936 2185
369 589
176 2938
1915 2814
1661 2671
1988 31
567 1595
2999 97
43 376
1501 2587
2615 2554
1761 2644
75 2157
61 2705
2121 2840
852 1017
415 809
2176 241
751 357
16 2508
501 2341
1987 625
1391 1477
1841 373
389 1873
2947 2127
1254 2701
1495 1221
1840 2761
1001 161
289 1132
2755 1800
1811 2522
1716 1022
1083 337
1886 1357
1169 1071
1955 373
251 1215
2893 634
1269 1321
2761 1567
1476 67
1491 2641
1693 2801
1825 1360
403 2415
1645 1827
394 2301
2377 3000
385 372
862 505
1505 2086
9 1462
1069 601
831 2390
1829 373
2891 377
520 1376
131 2809
2570 2129
2293 2627
2497 1989
1315 2433
1435 1569
41 401
916 197
1583 441
1540 2401
2761 137
1421 2725
882 1475
1721 2531
2371 1373
1941 2546
2881 2563
781 923
1588 2101
1151 1601
2792 1804
1 71
1780 890
769 1940
2677 301
2408 1111
175 1057
2317 1267
2071 171
1999 1207
1061 2501
1335 2034
2455 2866
181 2509
1249 1050
2581 2652
1025 1537
2453 1771
2501 1721
1981 29
409 2467
1777 217
1405 473
569 2497
1963 1361
1701 321
1681 386
1505 1001
475 1201
373 2656
1349 340
1834 2035
2546 1661
1297 403
675 2551
2524 91
1873 193
2497 2191
753 2575
2602 2923
661 89
1279 2911
850 1032
101 1347
637 1024
343 2401
364 2154
2521 37
2693 2565
2875 319
2309 2489
1391 1093
471 2639
2977 649
807 1051
2878 1051
2647 833
879 1765
891 1156
921 2691
1930 2605
2666 1867
2031 1707
425 301
1329 481
2131 52
2011 2731
1639 1093
2593 2566
2808 1195
2049 1561
1026 647
1397 1951
92 2793
2551 1793
1239 1363
1399 1459
2726 2275
1381 649
1105 2202
1217 889
335 975
2652 1377
1689 2081
2753 2185
2749 259
2115 1005
993 79
2858 2459
1686 1093
333 2941
1471 121
2497 169
732 1631
2091 669
874 2353
1401 316
2039 2319
2126 1825
601 751
2695 500
1933 2481
1151 296
981 2296
799 2849
875 1297
121 2536
1401 352
733 1637
1033 687
2713 183
1137 481
2033 1664
445 2905
826 561
2515 1031
2549 2137
2057 2303
1228 793
2919 1551
2681 2944
713 2553
2732 2653
2393 2926
2751 1636
617 2776
2451 2901
2589 2857
2821 699
613 2191
2701 916
1399 2591
961 1090
1447 1633
751 1401
76 2414
2746 619
301 345
1427 2936
2526 831
2364 1306
201 2401
2793 1937
817 1482
1968 1957
2911 2691
2646 1637
1234 427
1951 592
1399 1743
6 349
2665 1493
572 1801
1321 256
1999 1601
2271 1543
1927 2708
2320 1661
1721 439
2108 388
103 425
153 182
1801 2256
169 703
614 601
2398 247
2491 2309
2236 1957
2594 2001
409 721
1117 2704
2569 381
178 2505
2989 2521
2299 976
1876 966
1456 949
2297 1310
628 236
2425 517
2017 935
1064 1771
717 698
2889 521
312 2131
2308 231
1131 2897
1726 1889
1643 694
2206 615
772 1417
1087 837
2065 617
2948 1909
331 1853
1937 1233
337 2585
1517 2531
104 709
1438 1510
831 2151
1777 1883
925 49
2037 1139
2061 2095
1969 2591
1217 232
1417 683
73 2695
2007 1663
2125 2095
211 469
1048 1171
1645 603
277 2073
2886 85
1729 1522
1181 841
901 2905
2381 1666
2761 2941
273 1805
1768 1749
1437 117
2291 1496
2851 1444
2793 1756
2820 2155
2421 548
2917 2851
1857 2017
1387 1069
1985 557
47 536
1585 2851
1391 1903
1303 2044
813 1102
2901 331
151 2386
2665 2145
405 379
2803 2561
2931 1810
2994 1201
1982 1396
1605 2717
1873 2927
23 2311
1761 2460
367 1393
1104 1129
2201 16
2089 2722
1183 2302
2665 2611
2113 1315
1345 1471
241 1781
1343 107
2296 1111
2413 2175
127 376
2242 2836
751 2527
2271 581
1021 1723
291 2801
2177 385
1214 1891
2841 1501
2161 1831
2761 2935
1601 880
2725 565
1193 2620
2168 1570
2005 317
2556 1801
1517 551
911 1825
1541 1213
9 755
97 1165
1753 2536
1669 1753
1243 256
1070 369
513 461
2840 2377
2533 1879
347 2629
2649 2473
2791 40
2836 2799
1029 569
362 25
2901 2301
2029 799
1687 914
445 1661
55 2865
1051 663
2621 1925
2219 2281
1479 41
2585 783
818 2414
361 2695
737 1849
2530 2841
427 1502
217 1030
354 1111
2617 2311
748 1666
283 2553
2376 2203
2887 1891
1085 1065
265 1849
1185 82
1690 523
1309 2203
1091 1068
2341 876
121 2365
2311 1489
2633 1684
1561 2386
991 2481
1153 573
1891 361
2327 1469
97 1589
979 697
579 2472
555 2711
895 665
2116 163
880 821
2029 2172
2761 1318
1633 2062
2447 1630
385 2765
526 1327
379 1321
2569 309
2321 1245
345 2699
43 1249
1747 1629
1803 535
2161 1368
1571 1873
1517 757
1184 241
1315 2120
1 1891
819 993
835 2587
313 1357
2277 2069
2651 1201
1871 1929
2659 585
1647 609
1831 601
1125 2383
1351 1773
360 577
1402 2261
953 2937
2661 2481
181 352
481 1346
2899 843
2753 796
2137 1810
1736 241
1657 2691
1601 1883
1193 494
1358 982
534 211
4 739
442 905
2452 2517
471 316
771 821
816 1331
1129 302
1003 1601
121 1109
1753 191
961 713
223 1929
2495 2521
775 259
1645 2534
1969 679
230 2225
455 253
2729 1039
106 2113
2929 1363
2058 2365
1138 1221
2921 2665
223 1011
1321 2830
1009 2080
1468 1808
2001 2871
46 354
1837 1356
2216 1485
1023 193
1945 343
2335 1183
997 2115
1111 451
2777 2535
337 2401
2839 1324
2920 481
2765 501
1891 769
2712 259
1200 2581
456 1511
969 490
2071 651
1551 2829
2833 1009
1283 547
2401 2014
1929 1096
1186 1985
255 1386
426 2281
321 2321
715 2001
1981 2005
2241 257
1111 346
49 1441
2593 351
2331 55
1797 886
1506 2999
2353 1831
1176 349
133 1726
2887 1610
937 1716
1051 1501
1476 1111
2837 2346
755 2245
805 451
1612 1158
1475 2741
1076 1105
2421 553
2393 642
1921 2911
2576 1137
2761 1
2253 2257
901 925
326 673
1772 2401
1225 1813
665 321
1222 1842
1606 1633
2158 248
829 2166
1705 1048
2271 1442
1993 2425
2143 2121
1276 1351
2833 621
2501 2187
1897 1120
447 2527
2525 2641
2354 2809
2883 2656
2725 2233
601 2481
2108 1005
2593 2541
2250 433
874 925
1849 1061
1566 2970
2357 2693
2429 1932
406 411
121 1873
637 289
2521 2428
1867 2395
672 2562
665 1533
601 2649
2363 1803
1189 1501
2681 1531
2061 136
1825 1905
273 1157
2701 1828
1689 2775
2941 2014
251 745
2017 1387
439 2065
1 941
1663 1311
1011 1173
2305 861
859 2647
1745 55
1526 1249
1623 2950
2767 2209
2038 2593
2381 2257
201 856
2452 1969
866 23
197 1897
2401 1390
1201 637
2815 769
2116 2305
461 1513
1393 2061
360 609
801 850
176 367
689 1499
301 2329
1553 2469
385 1571
277 1233
925 1474
2121 1197
2104 1742
1833 868
1225 2313
1051 781
7 2863
1261 241
2167 1381
305 265
2151 793
1801 902
1741 664
1477 2635
2425 941
673 2820
313 2026
1591 2140
1017 214
1978 2726
1258 651
44 2001
417 2939
2729 425
2561 1471
2305 2359
2223 1153
1666 2595
411 2713
737 1225
2235 1687
249 256
1479 856
190 886
1543 2881
320 2107
1796 2803
2876 516
107 925
1531 1491
1555 2851
803 1204
22 313
2313 1764
109 841
1941 1101
2475 424
2577 1836
2239 2001
925 1777
15 2707
2218 1813
166 2876
2059 2745
2309 2749
2884 2599
1093 463
1852 1231
1705 827
1636 2765
2311 1215
2217 1801
949 793
1426 1965
227 817
2547 473
137 1009
1273 911
131 1447
211 434
787 511
2356 1921
2307 1160
2809 645
1199 2903
2113 2669
205 939
1889 2665
385 1173
881 2108
1513 1009
1217 2557
1097 961
1672 1393
759 877
451 1526
1651 2689
1219 81
781 2524
2131 697
1090 2484
1415 1201
2085 729
1363 1521
2833 793
1089 314
175 2663
2086 2329
2529 2776
533 2741
801 409
1776 2073
2886 225
951 2629
2317 2948
1201 1969
977 907
1915 1841
1321 2218
1201 216
2805 2441
61 716
1827 2521
2739 1304
1126 2201
617 2926
1594 2105
175 307
2207 1761
851 1021
1637 1033
2103 1816
601 1843
1296 2191
353 439
521 2185
171 1336
2450 2158
371 1005
2285 1841
124 262
1541 2959
2825 69
1321 891
1099 1048
1196 2713
1767 901
1351 385
791 2201
1776 415
1541 1719
1729 1976
2374 1253
1522 1827
1417 761
1015 2384
1441 954
2917 875
2075 835
1369 2401
1341 1576
598 597
1827 737
528 2763
201 2001
2380 2707
1549 473
809 2387
1706 1688
1579 2281
1981 2901
2619 2545
2257 2425
105 2479
1861 1867
1421 2073
2325 2050
2872 781
917 2253
1105 2092
1 1708
1755 620
1306 2233
1321 2281
1261 657
2479 1455
340 1749
326 1705
227 603
733 1311
2452 2531
1297 1645
891 1417
2201 1712
1234 1066
626 2519
1806 1897
682 1081
1129 2881
1077 2089
319 2793
2777 1913
295 1039
2351 769
1016 1321
1901 1993
2309 2341
545 2021
725 52
1881 1861
305 1021
1816 2256
2681 1201
2969 1751
361 2161
1489 427
1881 2101
2961 2983
262 195
1126 2425
1585 1196
61 31
1086 2517
693 1001
739 2521
1 451
1226 370
157 2317
487 1553
2309 2201
91 125
1958 1866
1743 2911
2303 1417
273 211
2324 2973
1303 323
2735 1537
1251 511
1471 2268
1054 2503
2372 1741
2635 2116
2791 2809
671 1780
1265 70
2435 298
2241 136
2941 1225
1481 1975
2751 2421
2453 70
641 964
2601 1531
1615 1961
1251 969
1761 1632
2373 425
805 2809
1201 2179
1021 2458
278 1963
1951 526
537 1705
2617 1525
1526 977
2925 94
1537 2976
626 493
2329 1691
2231 1692
1707 625
2422 331
2385 2773
451 2821
2995 2594
1531 101
460 1465
2799 2137
529 2593
2906 1745
313 355
1817 331
301 2269
909 1270
895 348
2545 908
817 1785
1681 1563
1876 2953
2100 477
21 1831
1647 1167
2911 1233
2716 1209
1932 1285
2501 65
2713 2401
2349 2994
870 2407
1051 1879
353 1177
2782 2245
2065 2661
1747 1389
2734 944
673 719
2137 1625
2260 1403
565 1501
160 1672
1931 1576
1421 2769
2194 2108
2749 603
2191 2855
1937 1771
643 896
103 640
574 2851
1255 1831
925 471
2644 659
2573 45
1335 862
574 1875
559 2251
1549 2920
667 903
341 2225
309 115
122 2376
2281 360
2801 964
2604 498
481 2185
1376 55
2465 1185
1129 559
1876 716
1390 2051
1515 956
2881 160
2266 487
1795 2772
400 483
1785 1726
1808 841
849 1625
2841 631
682 2336
1159 1036
1891 2933
1993 2437
2873 2986
421 917
1789 1517
1853 1756
2049 924
2736 2085
1525 1606
2021 773
2363 1707
121 2577
1482 2881
1885 547
662 1941
1729 621
1339 2239
1309 2592
1435 2827
1855 1233
2119 643
187 1729
793 1761
801 781
2702 1727
1087 282
2905 2641
2539 1249
2497 2360
558 2111
651 2089
1601 1876
1 1401
2067 391
2712 2843
109 2765
806 2779
745 1285
1685 491
1173 2809
2134 1852
1851 2581
659 1441
1159 229
126 826
991 461
1465 365
55 2371
185 2921
990 1951
776 577
2930 321
2272 1153
721 869
761 1245
1721 1
2695 1546
1225 961
1125 1474
2283 2781
705 376
201 1433
1837 1145
1003 606
2253 2385
1553 277
11 2827
2920 547
1909 2905
1090 2634
1201 1402
1609 771
2481 1579
2947 613
681 1641
838 769
1147 2293
105 385
1545 736
415 1971
2655 1055
109 1303
2626 1372
1830 1049
536 853
133 553
1354 2986
1657 421
1711 1071
1025 265
1551 549
1096 490
1141 1051
2373 799
184 194
2168 2421
953 379
711 511
2695 2065
1099 1231
626 1327
458 601
1731 1283
2878 1444
633 937
49 475
449 1881
235 816
1777 2032
2411 769
1257 2616
2135 655
2345 2833
2305 2101
25 1091
1729 1633
33 1132
2791 1826
2187 145
610 487
151 241
1901 2671
2401 691
2644 109
264 2101
961 491
1636 1262
2177 431
2731 931
1033 1665
1281 512
2925 1305
2273 76
1705 95
1321 1222
890 167
1383 2130
7 2216
1487 2391
95 2799
161 2856
1741 929
862 847
2833 2851
2368 2501
1506 2883
379 2206
891 1
323 2113
2185 2681
2191 1142
1117 2593
511 937
406 1777
2781 2631
739 51
1561 433
2171 701
2569 676
781 2450
1559 2456
2825 266
1075 1396
1241 2219
2139 1576
2361 118
522 513
547 457
1063 778
2011 2717
152 1245
727 1201
2161 1195
481 1241
2353 181
2833 834
2441 2414
2446 2305
2401 2542
324 2871
754 2689
2438 2537
2703 1241
144 1262
1078 657
677 1259
2853 1828
693 1566
1783 557
2161 398
1733 2101
619 1159
773 2301
695 2251
2821 898
1719 503
2077 2425
94 2937
759 2097
2541 2605
1797 2856
259 2727
241 909
2145 2107
2517 2415
2722 41
673 2927
2091 2971
1465 1962
2691 793
2848 1152
451 1991
649 2449
1363 1904
1 1753
2427 2651
2783 2240
1121 2257
2901 177
2701 389
1561 148
2284 2821
2541 833
1487 677
2481 2911
1501 2254
2560 2249
110 1081
11 2377
154 1765
541 2103
469 551
1001 1444
2143 1061
212 2305
1621 648
319 75
244 1492
1066 1537
289 1036
391 193
1701 2726
2465 256
2941 1091
2135 1765
2781 2763
605 875
2706 2801
1909 645
401 121
478 1669
1893 2036
787 1885
1345 1790
297 2065
2189 661
1201 2102
47 51
1914 256
613 1741
949 1111
2396 2401
2739 353
1755 2131
976 2815
291 2655
2033 557
2227 205
2140 166
2921 1095
2023 2529
2753 2769
37 2233
2341 1857
2989 1231
2103 2359
785 2321
1316 2821
103 1529
1289 2653
1651 1099
2653 9
1345 262
1785 455
1992 1048
419 2623
2880 1445
1891 553
2222 349
1343 1246
1921 2525
1553 581
1925 7
2781 1403
960 1570
753 2176
1609 946
326 2494
2361 1211
2284 2869
2479 1396
178 29
61 1793
641 2392
2305 2021
1701 1954
547 2675
2218 2480
2233 1
271 1096
193 925
1801 1327
897 869
1441 1292
2314 192
1847 1612
1711 2908
1919 613
747 1285
291 679
644 1048
1591 371
273 2355
2751 2268
681 701
1647 832
2926 1435
2281 1621
769 391
49 1223
854 204
376 2321
2059 1114
193 661
2199 180
1936 2281
633 1861
2083 2747
893 645
1969 1287
645 781
1551 2631
1697 2353
1071 1614
1772 2905
805 1761
2569 2020
297 1957
1501 1357
2910 1714
1513 1341
481 2704
1575 1381
2941 2365
73 908
576 1135
2605 1105
3 936
1781 2875
2428 1549
223 2603
1803 61
969 2852
1477 1673
2863 2746
1765 2120
2095 1625
1729 1731
1775 397
2353 1581
341 1693
2846 263
721 1446
1720 1383
1499 1648
331 1420
759 459
1945 2641
726 1941
217 2485
2497 2449
1357 1345
2983 1659
145 1099
2889 1465
1684 118
1309 1831
1266 1039
2071 937
1363 2845
2709 2801
1397 1849
2497 2881
1003 2980
2351 2455
505 313
1289 937
1996 53
1771 241
1124 499
2254 801
2301 1499
2563 2797
1772 2507
809 817
640 2239
29 2467
701 377
760 1186
1679 2091
2229 2956
862 333
1648 331
1893 1213
2001 2929
2551 1615
2707 1441
184 1275
553 1651
796 229
1751 2320
701 1391
2306 2371
549 2153
1223 441
145 371
1941 2513
121 1135
418 792
1177 1662
2376 356
2614 533
971 15
2704 925
1201 2425
1693 1889
589 2419
2821 495
2191 2202
726 1753
1 1777
1906 1429
2781 2116
2752 2785
643 2497
2569 477
2647 2857
2713 915
2413 1385
1936 582
1561 1441
718 2113
2938 2431
901 561
2193 2617
2185 751
1393 1387
993 269
2431 727
2653 1314
2431 1029
2445 2690
1 2259
856 2233
281 2461
505 2561
1775 1081
181 2584
1519 2041
886 703
736 790
1116 2661
2929 2653
991 1375
969 967
1241 1813
2376 461
2301 1016
1582 141
1146 1171
2977 2473
604 1449
1401 637
1821 2677
1801 1576
968 2354
1473 250
437 1933
523 2774
1673 209
1117 2001
231 1005
421 2446
1 2563
1169 171
2721 141
1705 2796
441 2585
481 1257
1995 2737
1418 526
1817 2255
1171 371
1283 2369
2321 1101
2911 2251
1915 1516
1741 454
2776 73
1549 1205
2995 652
325 2425
2801 747
1321 2673
219 444
2377 2076
2931 1899
665 2536
379 2553
2539 1901
1142 230
2212 1545
2554 776
1210 619
2131 2680
2095 237
41 1825
863 631
451 761
2587 161
1026 1171
1221 1411
2572 1816
1297 757
613 2721
280 2428
1 335
2065 1164
2165 2305
1749 1483
547 2093
2517 879
1525 201
2770 2646
704 2053
2149 2433
189 2661
2254 633
856 2761
1236 873
1206 377
2119 2588
461 1409
571 1161
233 2196
2641 2335
1105 2781
2089 211
1624 649
1615 523
1316 2665
1706 2911
2209 1157
1566 1953
129 557
649 1426
1461 2565
2761 1111
1288 379
1719 310
2824 2641
1561 799
1967 2701
1317 1513
482 439
2481 1294
1926 1466
481 1521
210 473
2757 2407
2065 313
870 1821
1757 1041
38 1628
1473 1753
2601 2821
481 1948
2025 397
698 1065
2848 1946
1231 377
57 1270
2975 2323
2422 793
937 2382
87 1405
2569 1947
2689 97
1333 551
1651 161
986 1093
2206 421
2561 321
826 2825
2317 1681
2419 2271
1237 341
401 993
2026 2107
401 986
243 2875
2345 2307
1177 835
2583 506
1006 2087
1576 391
321 868
741 493
2541 2931
421 478
1908 110
883 1912
1099 2468
1407 2313
136 181
1216 1141
2426 1746
1155 841
14 906
2896 1046
814 1880
193 1801
2801 2251
1 2980
1289 2626
1426 205
571 2021
365 1144
29 1309
1686 1701
2047 2839
661 2853
491 531
2311 1112
2391 1162
1717 2569
2716 2575
2269 345
2977 177
2326 1781
2158 181
2057 2365
949 1465
2881 881
1921 1506
2881 1546
1813 31
1354 1383
2971 1696
481 2859
427 2529
1736 2116
2674 1409
946 1264
1552 2485
833 2731
2308 1023
2732 781
321 2019
825 2931
1194 2269
725 1247
2509 289
1013 881
463 1097
1 1719
489 932
301 361
219 987
1517 1301
2441 1153
2425 2473
2661 2265
1908 1343
1631 427
1085 1233
2605 859
1898 2182
1113 1993
1318 1765
69 97
408 2338
1777 1693
96 281
1273 817
1521 2613
1701 679
577 2265
1821 121
1807 1593
2563 661
2603 850
1519 169
2213 2137
2565 76
1081 1647
1633 47
1669 2617
937 976
1469 1551
2051 909
2251 1521
545 506
643 2165
945 460
1441 154
433 610
2981 511
765 2362
2086 2197
1727 1939
2441 397
2375 2794
2457 1948
631 1651
254 2920
363 1436
1741 326
2577 1811
1237 1143
2523 2653
2782 2470
1715 1057
2201 2312
1777 2621
2866 2281
631 2101
2023 2201
2769 649
2278 761
811 2974
2141 341
151 2536
265 541
2345 1639
501 187
1321 1322
961 217
1201 1601
1909 2421
475 2906
1489 1351
1951 665
1117 2209
2671 1633
2953 509
727 1891
111 1781
2953 2073
2476 1021
2576 561
2593 173
1017 393
2339 2821
1660 1881
2586 1230
1389 2707
1700 2576
1377 69
1406 999
1825 2527
2676 1183
64 2629
1649 1987
1285 2161
771 2492
2093 2285
341 1167
1297 157
2278 1321
2110 153
499 253
2606 2761
1168 2450
571 1846
1465 2281
1387 2929
2153 1965
1341 2049
2710 1933
89 1858
1926 2601
2338 1051
1930 1453
2141 1001
2953 898
1213 1641
2053 701
1757 2361
2911 871
2521 1405
2517 2557
331 2917
2611 1781
409 2098
2905 854
1875 515
2473 205
1252 2079
2320 1196
2839 2541
1181 2406
713 391
1601 2926
1470 2227
2931 1399
2985 2206
2236 208
1708 196
1567 1132
2527 1366
139 712
2917 1387
705 168
928 2259
281 925
1185 175
319 1905
217 2664
2854 2159
1295 1665
2666 1231
2633 31
2393 2005
2094 1030
2139 2501
1091 2241
1287 731
256 1969
2893 1696
2161 1129
2359 2755
1801 2216
2401 1849
916 2702
2126 44
1003 2791
1081 2425
209 826
2920 2781
364 2101
2965 1016
2319 1629
2590 2029
1521 1858
1873 1951
105 76
2867 2103
2409 2395
139 220
73 796
981 1676
1395 1576
669 2118
931 385
601 963
1825 361
2941 1435
1096 2857
1477 801
775 381
125 1649
2718 2686
361 253
550 1905
2644 1057
2721 2693
1905 2293
2821 841
601 1117
601 2800
1108 2147
2746 2881
1383 1237
1373 2117
1855 2311
993 381
169 2754
1046 874
131 2971
2050 2299
2876 631
490 292
1753 2859
2256 1045
1396 2361
2363 2121
1724 951
1969 226
1421 1761
983 2947
2181 1781
268 1355
676 1879
1555 2751
1181 1688
751 2615
27 1885
481 2521
2334 1006
2128 281
679 2329
1459 1681
273 2681
2673 2848
623 1401
2945 745
2851 617
2065 1152
433 1201
1307 2851
2807 1049
1741 1993
2956 362
601 569
2081 1897
1238 2006
2977 505
1570 769
1359 2531
143 1545
1845 321
1933 1311
400 1566
2257 596
1961 390
1551 2074
1433 2349
2431 103
2103 676
641 1275
1465 2941
497 2184
2690 701
1537 79
514 1629
2149 2549
1405 1855
2071 889
1621 917
427 747
2804 2971
453 2791
2716 401
1461 2040
201 2616
991 826
1789 2489
721 1804
1049 1961
463 1481
2176 1021
1137 2711
386 1117
491 728
790 1545
65 229
1001 1569
2465 1219
2209 1487
1153 1574
2601 1306
1241 1905
2341 2564
2151 121
215 739
2806 2401
2799 965
1909 2411
2032 1852
1345 1825
609 2215
2506 431
505 316
1204 2047
2098 481
1291 2345
613 1663
841 1111
232 2255
1709 1775
411 2382
2449 2053
958 1189
751 1033
826 1830
121 2449
2506 2383
131 820
2724 1141
1873 1030
173 700
1697 1285
2581 1150
1777 1953
2621 368
1913 961
239 121
2760 2037
727 1295
2105 985
2253 673
2289 2439
1009 1366
595 23
661 561
1237 975
1561 2361
985 2601
159 352
704 1243
1991 1777
190 375
1409 2113
1041 2546
351 818
1866 229
1735 853
1921 1903
3000 221
1585 1225
2361 1801
1294 217
769 1201
325 1072
529 2564
2251 2343
791 2761
1219 2176
2215 1813
1101 339
1150 1173
2446 649
1871 2680
2155 283
847 817
1429 1049
1036 1813
1423 2116
2741 1131
1094 1377
2029 1791
1873 1066
448 1494
1851 1321
2479 1441
565 2443
1876 1771
2910 1221
2386 589
1825 1401
505 321
1189 545
1072 610
531 2605
501 2801
106 537
1684 1993
2195 1123
811 403
1097 2335
1156 1718
2297 919
301 338
2803 2929
2247 784
973 2821
721 2679
317 2940
2908 513
169 1321
2671 178
1713 1671
1801 136
731 941
1880 1251
115 1916
2449 1233
69 375
2752 2077
1084 769
1884 1117
109 1392
1813 1026
361 2103
1141 1433
505 484
2311 2821
811 1561
1861 2809
2989 2680
521 76
562 2623
1753 1411
1369 1611
2540 797
1051 2539
1033 637
2219 1033
915 1465
691 2745
1507 804
289 1585
1978 2129
1873 1021
154 2631
2041 97
1171 180
1585 2252
2501 1201
1 1023
2689 569
1327 2081
1983 1837
2473 2046
2472 1333
2953 1724
2207 2806
861 2103
449 1696
2249 181
235 1879
2335 1063
641 1151
2734 1117
2659 169
697 1617
1696 115
232 1984
1501 85
711 2041
1111 1351
2062 1027
2221 1606
466 1414
1089 1479
2683 729
2419 847
2495 441
1907 1031
2461 2675
2701 1413
111 2162
417 2253
1493 2249
2427 1369
1348 478
2131 586
2311 1765
2457 2011
2537 2721
1678 1392
538 1101
1691 901
2421 2004
1453 955
1395 841
1355 2503
157 1001
730 1313
1961 2773
247 1081
2248 2801
191 526
1498 1945
2017 1133
2041 2609
1270 2279
349 823
753 1045
1663 619
1 834
379 1293
2992 835
1501 2073
1097 2921
1403 1428
936 1036
2155 2193
961 1901
781 1235
1483 1642
1465 1289
2023 2327
826 1517
2441 2497
1783 1953
1102 157
453 976
499 1177
879 2802
1340 333
21 2351
1993 373
2146 576
1711 1885
901 2707
229 2881
2416 1861
2637 1958
265 1501
1717 2104
2851 793
1893 261
1601 441
2907 1
1423 396
2329 1831
501 1377
2597 388
584 2515
203 1300
1897 2326
1981 329
1153 687
633 689
1513 2881
1384 2401
785 2023
2505 505
2872 2412
86 2902
1033 980
2689 169
845 1231
1979 694
913 281
1819 536
2097 952
2468 1414
2809 169
447 1156
427 1802
1015 1281
2617 2674
954 25
1111 2641
1511 2357
1357 1231
1417 1391
416 2473
1743 1
147 3
2865 541
683 2236
2450 1663
2281 601
705 82
521 1473
2029 775
1681 913
2591 2813
2121 1959
1416 1057
2536 1191
1523 2787
2658 925
1693 281
2629 257
25 935
497 1805
2725 481
2545 1561
400 2281
2596 2089
2401 2953
2887 2530
1558 490
961 2629
2611 1077
2121 657
680 1001
1889 2488
1084 773
961 1198
1298 2167
1221 58
2211 2393
2053 1351
25 1024
1001 2107
1567 1437
1537 289
764 2737
2536 1540
625 691
1865 1095
2221 511
2449 528
1621 2125
2701 2067
13 1927
2101 1543
1829 1153
721 1657
702 1921
1976 2725
2201 961
101 602
2477 1483
2585 838
2665 2017
1718 319
328 492
1423 2716
787 985
1815 831
85 628
617 13
2970 1333
1396 717
2973 2523
577 2680
41 2407
563 1441
513 271
2281 1558
2416 367
2549 313
199 1681
2201 2299
17 836
2405 636
1489 2623
2041 101
2061 89
42 2320
1046 2239
2249 1174
2665 289
736 1678
1627 2521
2169 37
2065 988
1805 2269
127 913
2793 1941
2713 2598
661 313
2001 57
1719 353
2694 2401
2801 2201
1611 1163
1027 2215
980 1661
937 1135
1435 1401
2143 829
937 226
2959 175
1589 1161
1681 159
221 1173
2966 2113
2863 2857
2991 851
2735 1496
1882 700
1745 2091
1033 2530
1831 1089
1534 149
2428 1171
1432 224
2956 1321
373 2515
2253 1141
1345 934
1027 2307
63 1401
2845 13
2247 2680
421 2393
1699 2126
1519 241
529 476
2854 1196
2873 2573
2476 1291
377 1222
2626 2953
583 2113
2289 2569
145 2965
85 1346
1862 2071
2976 529
1845 288
241 599
1540 1297
2069 1023
991 625
2518 624
2869 1630
705 1647
637 2420
2301 1171
1765 547
2626 1496
685 1081
310 2257
1355 2891
2823 525
1159 46
731 2735
733 2617
369 1831
257 437
1577 1379
2796 2726
1230 346
932 177
1071 63
2383 2538
1747 1356
1954 2437
170 1807
1717 1665
2221 298
2961 1429
2347 2099
925 825
2839 1753
39 2793
1021 2165
2045 1327
1594 139
2146 1888
2355 2769
899 609
2117 1030
1073 1801
29 13
599 359
1313 1757
2653 341
1 808
1041 575
1803 2233
1809 2515
892 45
2857 2321
679 2044
1241 2752
406 1975
946 2221
1469 828
829 2599
2498 1771
1501 2119
1369 2926
2054 1527
2391 2590
2935 1265
1392 1480
649 797
1801 2989
316 2665
2433 2261
2203 73
2181 1852
845 1899
2577 2641
2734 1192
1168 79
65 1321
1937 2321
2461 1131
424 2681
1683 1378
1378 2211
2353 1580
537 2526
2189 2706
937 2851
853 1204
1791 1424
1849 2761
2556 2261
739 1535
271 286
413 2337
902 925
651 2326
2466 1279
631 934
619 1238
1985 1489
947 766
1 2881
577 1423
627 1423
634 1111
2251 1081
1137 501
2572 857
2934 1909
2491 2296
1528 457
2803 162
1606 1025
2908 217
223 30
2485 2041
2131 2866
1990 776
1997 1876
1405 858
376 818
2494 1425
1415 1291
665 2241
1961 881
203 76
937 1885
2175 1620
2953 2959
1485 1797
485 157
2567 1618
1819 469
510 1501
2033 181
1711 1
2473 2836
1849 2146
1503 697
1106 1756
1259 2069
425 2686
1001 232
499 443
2128 1282
225 59
2149 164
2442 1809
1717 2685
1816 1105
1689 2219
1971 1401
1125 1297
2961 1933
965 1519
1503 846
2554 751
301 2457
1270 2041
308 1356
2326 2609
1285 2769
2479 2261
2485 2317
1001 2440
1409 1235
229 1889
1321 1987
1902 1747
31 982
784 1391
2118 2037
1225 2389
734 2400
1451 541
2931 1453
1112 1825
865 1084
1713 934
2353 2824
2209 906
251 2021
2230 2143
1217 1215
2533 2151
2689 2094
2025 2245
1572 2823
2332 2089
1513 505
1385 1291
2590 1511
961 2792
593 2560
2404 2601
1931 2953
1159 2701
1593 2533
2176 1841
361 1945
973 1381
2152 1159
2616 1391
661 1524
2327 2275
2583 769
2497 1425
1935 2294
997 79
2809 2736
903 971
2287 1318
2166 1865
349 2110
2721 2545
1010 1375
2989 1831
2263 2937
2296 902
844 1081
1612 2153
2695 2925
2818 2737
1981 1849
1609 2971
2773 2555
1 384
1905 1738
2821 566
2923 1861
761 2363
2410 2961
539 2354
1840 2410
980 2371
1933 1080
1975 1225
847 385
2809 1351
39 849
1333 1541
1111 2949
1233 615
1789 2770
2398 361
1657 2962
2137 2501
2731 1801
150 981
1415 395
1833 1314
2691 2925
427 2675
2271 1030
1666 2401
2152 723
2161 2483
2424 1513
721 1642
715 2125
263 2801
1369 1952
781 315
639 2290
2081 2701
2365 2985
493 1323
1345 2002
923 269
2281 1222
2539 586
2323 197
1246 281
1060 278
1621 559
1701 2938
274 1609
64 257
1450 1146
1173 1881
2601 2089
2506 2177
1234 1
505 745
497 2089
2801 1626
761 2761
2665 1639
433 188
517 391
185 357
2261 1825
2026 625
1087 3
1495 1753
1141 201
2541 694
2284 1957
317 280
2141 1189
586 2288
1345 1211
1209 1651
2451 1473
1953 2983
2881 1401
841 2845
1993 1641
1681 2417
171 1399
541 627
241 481
1849 181
640 133
619 2651
406 1647
1993 916
2615 1741
1687 1505
2260 1226
1507 757
281 2008
1501 322
2329 1415
2305 601
137 2872
1681 941
733 661
2441 2701
341 2374
2245 391
1271 459
2056 667
1606 580
1739 2557
1483 2593
221 2599
874 1261
51 581
2921 2145
2261 1291
351 1570
1633 1251
2528 1276
2009 1993
2241 201
287 2933
1490 41
1351 2933
2028 1461
2926 701
326 1336
2973 1273
928 281
817 2616
1425 616
2882 2281
2222 172
241 2453
2666 1193
2499 2173
1691 2581
1865 1217
2197 2971
1549 1901
825 2833
137 2641
1797 2485
2117 1738
2845 693
2161 1138
1531 2914
605 249
52 1701
1348 787
367 1624
193 637
2237 1273
1886 1681
621 323
961 1189
2272 155
76 1919
616 941
71 45
1109 1761
1168 1179
2087 411
844 1417
2281 37
169 2133
385 2251
21 1941
253 769
2039 2171
1541 2119
2729 1367
1324 869
1096 289
2503 1436
994 2749
877 351
1565 1685
40 1603
1604 2897
139 265
2141 2906
2437 1
2701 583
649 127
673 718
1948 1
871 41
2221 2974
2775 2221
435 1649
2515 227
2617 76
958 23
2497 1069
1019 1601
201 1225
2578 2827
587 2323
2598 1189
2872 2987
533 2082
2200 2726
487 49
2411 1791
961 886
689 2597
2429 1651
2914 76
913 2011
2735 1501
1021 1296
1450 1269
1801 231
1844 2762
2173 109
2326 2312
2741 2638
1365 905
1504 980
873 1137
1526 517
925 626
1141 1357
993 411
611 743
1515 1153
437 1792
2641 391
1069 370
2893 2017
2821 313
1383 885
505 1961
1861 1203
379 2292
1168 2579
2401 1111
2284 1757
2683 152
346 1261
178 2575
811 2981
871 1117
1241 2953
1901 87
2737 2300
463 2881
1596 1582
1830 2921
1569 2353
1945 1753
142 1901
2389 1007
264 199
2025 2701
137 1321
2726 1403
1412 1171
701 176
545 2575
2890 872
1105 427
1328 1651
25 2929
103 881
2689 2113
1827 271
901 2709
2426 2054
2959 253
2081 1601
2025 702
1665 1351
1489 529
689 577
976 2065
2729 1043
2526 2308
82 531
197 1991
401 1749
187 2311
769 2395
2005 1251
2591 176
262 2131
1897 751
985 2896
1957 435
2824 1369
249 1849
1491 2875
461 2231
523 1076
287 321
1321 1255
1657 2251
1486 1353
881 1571
833 1231
2728 340
1893 2581
1058 2521
2359 871
2146 92
558 2506
2089 1357
1491 2745
2761 523
1019 1799
1277 2397
309 567
751 2651
217 1203
901 2701
73 2000
457 1365
2209 898
2307 2363
1771 325
2629 157
1696 2305
529 1557
976 2355
1713 1933
1417 1315
133 2492
2353 2802
1861 1237
1058 175
1295 53
1417 773
453 2771
814 985
2791 121
951 2239
33 685
1615 2789
2099 1393
1923 1381
2739 1735
865 896
145 2601
415 1631
1457 1095
2851 563
301 1681
881 422
1891 485
1021 2581
1681 557
1989 421
2657 2401
2401 785
1805 428
2809 1233
2380 1936
1915 1447
2305 1546
1638 2512
1617 808
2066 1897
2977 451
2350 2556
298 2771
1215 412
584 2859
2921 1977
2557 1797
1172 294
2639 400
2701 2185
1376 1745
2129 639
1201 1192
416 2501
1161 1369
2092 413
1609 2509
2654 2729
666 339
1465 2413
1829 900
1663 449
356 2913
67 2161
281 2379
529 2225
1921 1477
1301 2641
2356 583
1747 2763
2881 1705
2371 1741
1545 781
231 861
1936 2365
2251 811
1173 1729
1649 1675
877 2323
226 1113
340 2521
1264 569
1501 2647
1395 1183
425 1697
1591 2783
217 2801
2873 587
2001 1657
1083 409
2323 2570
1399 1980
2669 2161
2937 849
433 2136
493 2905
2461 633
2615 1363
231 341
1099 709
766 2081
261 777
2505 2776
195 2311
1201 81
1267 876
281 631
2511 461
2321 274
2876 2391
76 1171
727 925
2285 1069
1345 540
1201 1361
1933 357
2480 2845
853 101
1026 724
2841 189
2285 2089
2391 2265
241 1334
1201 1351
2605 124
987 181
2260 445
577 1525
2613 2560
1604 1903
2471 1521
585 58
451 859
1423 2965
783 2095
1147 85
457 1801
2554 246
1311 2252
865 1097
1771 1186
2688 692
1160 897
1604 715
1915 2225
2921 1321
1234 901
2552 751
865 2053
1030 1843
2236 2758
2665 1486
267 2865
1292 1209
485 2369
1851 2897
1697 1741
1243 783
1909 2203
2755 1241
457 2539
241 2583
431 1441
2686 1803
2166 564
105 877
828 2530
2313 2035
1601 1825
2885 466
481 185
783 2665
473 1921
1647 1801
2407 2632
313 727
211 2377
1548 2001
2647 396
1089 2161
671 790
996 487
1401 1441
791 1649
1981 548
778 1666
2501 1171
1221 1831
1401 521
913 1915
55 1097
1136 1539
2419 1537
2431 1573
2928 2113
2147 933
940 2306
379 1849
2291 2251
441 239
2251 1951
1201 1497
2085 1489
2815 630
828 2869
142 2761
25 2986
1920 2119
2602 2891
1425 997
39 1065
2977 2549
363 1081
2389 1141
44 2623
465 392
2830 345
1 2308
1675 1227
1451 1012
1702 2731
1534 2401
1831 991
829 2065
1714 1933
2719 2605
2560 1509
737 1597
691 1209
1366 1441
1751 1003
1381 2533
97 1003
2221 2489
2556 940
1417 1963
2817 165
1464 435
1198 1362
185 2551
721 1903
2009 1624
1141 2415
2336 627
1337 2614
2153 2148
2581 471
195 2343
289 2566
2878 597
2817 2572
685 1887
1897 1401
1441 384
2146 130
1993 2356
2833 2792
2017 817
2922 2605
165 1513
2341 2761
2413 1629
501 1206
2251 1291
829 577
733 928
1015 337
1793 1021
2389 2901
10 1581
2911 1591
2421 2012
1195 2250
2641 1393
2106 1541
1149 849
181 1773
1936 1319
2296 1411
2029 2449
889 105
2373 1756
1777 2261
2701 2919
973 1621
413 771
1912 301
781 2380
886 7
2398 574
2682 479
2289 1583
1077 681
1849 2579
1553 2044
2806 2245
241 940
766 2881
829 2564
1081 641
507 116
2949 2691
2723 519
2713 675
2899 359
2305 2169
1539 2785
1465 663
2551 515
2539 1255
307 841
1498 628
1134 1501
2836 1819
163 2197
1399 1061
1241 949
2143 1408
2500 1681
1555 593
2743 2198
311 2225
2384 2311
542 916
960 2594
231 81
1237 2914
1323 2671
2376 1607
669 1852
2126 1593
393 217
2503 2974
2851 1603
343 1574
541 1276
2245 16
193 370
29 700
380 2377
309 2833
961 271
16 1883
1017 1285
2311 1438
2953 553
1426 1391
121 581
182 2775
2281 2881
1582 1312
1321 1369
1111 1561
217 1948
1607 1745
561 1396
364 1641
1065 1717
2243 1528
1251 811
1828 1741
839 1712
209 2400
1826 145
981 2159
2739 2737
91 2275
2251 2317
640 1301
386 1541
2401 1189
808 1546
820 1602
2335 433
1279 1669
2633 1561
1823 2999
2545 2889
1576 961
2753 2998
1993 2497
2141 2149
1300 961
541 521
1324 1
1732 1336
391 1566
1180 1469
2131 187
2983 969
273 1699
1846 2220
1159 915
2513 606
361 2881
2809 2169
2956 775
756 1071
377 650
2425 739
351 841
585 2069
1426 1777
2557 2387
1193 1065
1849 801
1741 1773
1111 49
2737 1377
2849 121
2625 2619
957 1666
581 501
2533 897
2664 401
614 2643
973 2500
645 1545
1472 2116
2455 2949
2071 2571
1801 150
2713 901
601 1505
823 811
121 861
2905 473
96 1476
899 829
2767 490
2081 1321
317 2089
1076 553
1681 2176
1455 1291
898 2385
256 2251
2759 2741
2258 1743
1048 1931
2018 1561
2071 283
97 201
2785 685
561 2641
49 2549
1441 1001
181 197
41 1561
1144 826
1533 1447
2095 1193
1576 1325
2809 2747
2665 163
565 1931
1497 1213
2131 1720
2445 10
2953 751
1544 1241
1441 1205
1673 1967
2896 281
2061 2057
149 1495
2068 2953
1953 349
1445 790
157 1621
2872 1206
2337 2374
327 2925
947 321
367 478
151 1225
905 2626
2301 2789
1576 2910
793 473
97 1933
409 2431
2646 1466
433 814
965 761
2021 1129
2065 1243
1075 2791
946 2611
2756 187
1082 797
2721 1117
1661 2609
1900 151
2721 1040
481 1996
124 2811
2833 1468
1845 1271
1931 563
2197 763
2553 1138
2746 1321
295 1367
1435 745
1863 961
1058 2376
1833 2506
1051 1531
1617 562
1951 2500
869 1041
1063 2662
447 321
2867 781
2459 2285
848 57
2252 337
252 1605
1273 1639
1414 1609
1877 585
2569 1471
768 2743
1990 1473
2303 874
1438 1941
101 889
2046 287
1534 153
2571 1701
559 241
999 1413
201 2492
2497 851
766 281
1201 2489
2704 1951
709 2329
2361 1621
1741 2326
2483 1160
2221 2185
85 1201
1714 953
1432 1006
1037 2549
1513 1250
2959 1895
1407 2601
847 1351
2561 2722
2081 1135
2947 2539
2743 2265
1105 1107
1416 2953
2417 1661
301 1553
1293 1606
681 1979
2109 2322
352 763
2304 171
1376 1509
2751 251
1777 119
889 1426
803 1453
2269 2749
1285 37
1006 1501
2956 316
551 142
186 1907
1709 2941
2266 433
1324 717
909 2417
2145 2361
1499 1974
701 2061
659 273
479 1756
2153 541
1021 1482
1571 2737
1761 1227
1846 2591
2809 2557
1701 2876
89 682
1681 111
2587 227
1096 501
449 2697
1321 1201
1597 904
2251 2163
2731 376
71 680
1184 73
1561 2161
449 847
2191 2533
591 1989
1991 1063
2435 1097
757 877
1014 1426
113 753
267 1003
841 1671
1810 2206
508 2169
1756 2149
601 1345
595 2779
443 2626
1626 651
373 516
150 2983
1965 919
2359 799
2503 1539
1717 2049
1571 1552
1921 1072
101 85
2155 406
1603 2619
265 1360
2769 681
423 1849
577 1161
2089 721
1429 682
671 1879
251 2883
2939 1945
551 2005
1706 2089
2641 1813
1413 2171
355 151
2476 688
2971 2177
2193 743
1393 2095
2620 442
166 2761
1225 244
2634 2615
2140 235
433 1197
1837 945
366 625
2425 2400
1513 529
1385 2361
1651 2566
1501 73
1493 1551
2845 1709
401 1235
649 1561
625 2353
61 1509
609 109
1051 1561
2649 2821
1651 456
2887 2441
2057 2519
936 1049
2891 2500
2309 2231
1120 1001
1201 2861
469 142
97 229
1001 2479
2229 7
1381 1009
2929 1295
1593 1216
2773 1408
529 1359
2087 151
1489 2474
207 1734
1525 1033
2151 85
1276 2327
1459 2797
2032 2791
322 1331
1561 2681
664 121
2266 2209
1861 1507
2984 1411
840 609
1035 2201
1779 127
2233 1037
2281 1567
2957 235
676 1489
1765 196
2001 1737
1441 2771
2747 1594
1486 1521
2769 2649
1232 592
1729 2371
2761 1474
801 2194
45 1756
2833 2026
1419 2536
1697 1467
889 379
741 697
2201 633
829 235
977 377
591 1321
1479 721
943 2003
381 1981
2043 542
2049 1039
1648 1326
1601 310
2571 2681
2776 1942
2161 1717
2076 2653
1501 1119
2323 257
2761 2001
1353 1630
549 2857
2689 1657
1501 1507
2745 277
1749 2023
1828 893
937 2037
1353 406
2490 520
1126 1729
187 2411
141 1432
1036 913
669 2913
2268 251
901 780
2298 2293
2065 359
2608 1314
865 2745
2707 1288
2431 1759
2101 1351
200 251
565 1947
2701 273
2117 2875
537 2518
1681 1201
19 2881
587 1060
537 1950
225 2019
697 2569
2029 1024
2641 733
1834 2907
103 139
2911 856
2886 211
1571 1993
275 2841
2175 1471
1513 976
1679 2721
181 1801
2211 2371
997 1606
387 313
2671 1117
1033 2961
785 861
1421 301
335 58
817 1627
925 276
673 97
359 1869
2041 376
1281 2701
1405 565
1386 2205
1438 601
979 1255
549 856
361 649
1921 912
2044 1279
614 1278
980 2341
76 513
1489 1
2386 1171
119 1502
1441 321
2240 1641
2923 665
161 1069
1820 601
1905 2180
725 1726
2512 2004
2138 2149
1298 1
232 1219
1394 585
883 1041
273 13
343 1735
1176 2545
2684 2802
2939 2041
153 316
948 1301
2575 833
2665 1987
1777 2011
2881 1930
1041 2401
367 1599
645 835
1585 1001
2781 2041
1375 2599
2749 952
1711 1975
2506 2831
1909 1897
955 2365
2608 2197
1027 2401
2153 735
2353 232
1696 1415
1097 785
469 2257
2033 137
309 1889
337 1021
998 1231
2341 939
2269 1747
2101 2144
245 895
931 625
2397 2101
1045 2613
2094 375
1516 1873
2812 1162
2761 2109
246 2007
823 2457
667 379
1399 2749
1709 1455
2816 2443
1141 217
2125 1177
352 512
1945 2971
2641 1881
1675 709
247 2173
835 255
2486 2179
2853 2336
1465 531
2275 2854
872 2726
2821 2749
1801 721
1711 345
1345 1969
226 361
451 2350
301 2433
1129 151
1101 1753
2882 2445
1666 169
466 2576
1231 1786
2981 997
1566 839
2781 361
1041 281
2120 1585
982 2166
2291 302
613 2064
701 897
979 923
1597 2948
849 2065
2759 2702
313 2251
227 1601
457 1194
71 1618
2536 73
2058 2747
2890 2681
2558 125
2473 2753
1681 720
2676 1887
1009 2501
1401 471
85 2591
83 1044
2314 313
2437 2359
2551 418
191 87
466 2206
753 2336
461 2422
265 976
543 1555
267 1771
1573 913
2219 2551
2604 2859
2305 1065
918 2185
1753 197
1371 2964
2521 2327
1905 2341
1081 729
1478 2465
469 2458
1858 2385
2601 1645
1885 333
238 2860
2160 301
2833 961
1667 269
1291 1921
851 98
1194 127
2041 801
2346 1027
2699 29
341 2005
2151 1428
2215 1737
2901 2395
2179 1300
2631 265
501 2049
857 651
385 815
2041 1396
2851 969
2473 137
1622 2613
2511 1363
2926 833
1605 649
2683 147
2878 175
1011 2083
1831 1909
437 1681
673 1991
1747 2198
2230 2969
2236 2151
463 1139
919 1777
1069 1959
188 161
1661 1449
561 1951
2741 1705
1876 2197
91 1433
2601 2721
2151 1579
701 1241
2206 2889
2801 1015
571 1891
1576 2121
2548 2593
1024 1436
89 1770
2290 2936
483 1021
1033 851
301 994
2119 2685
1833 2185
1777 2711
2831 169
1821 639
1537 1543
2668 1133
250 973
2086 2577
31 1691
2701 1285
907 2305
2501 1777
1531 2097
214 1409
1081 569
1057 2656
2197 2833
1843 2531
1177 193
2412 2821
63 221
163 2071
2745 2817
954 2305
2089 2626
2401 1249
2617 1549
1036 1647
2344 1786
1053 2173
718 2821
1201 1961
2260 2173
1545 2692
2125 1628
469 1363
183 49
2953 1301
1537 1576
1351 2590
2340 401
2293 2521
1457 991
1401 1665
899 2353
1751 721
1294 115
2281 682
2371 2511
1877 2881
1471 2286
1147 651
1597 2305
1448 1801
2885 1109
589 2993
1972 790
1412 562
113 1006
1588 1770
1501 53
2401 2565
43 1350
1766 2757
1321 241
1261 105
1149 742
757 2670
2999 163
526 1821
2716 831
1669 2285
2472 849
1297 1506
463 805
1758 244
2149 551
907 1821
238 2897
979 1591
1514 254
2483 2017
316 1648
937 1356
2069 425
601 321
807 242
376 597
34 1737
2341 2161
937 133
2025 650
1441 1477
2599 1408
825 551
501 957
1 2181
2566 571
1161 1873
2234 2217
1819 1093
661 1177
82 2155
2421 1585
761 2215
2401 737
1251 2367
2390 489
2561 2902
1081 2779
2671 2445
1243 646
358 2081
1477 1551
2725 2305
2701 7
621 1351
2719 209
233 1649
2467 490
2505 1749
846 665
1089 601
726 2575
2139 331
2020 58
97 1564
1611 2536
25 798
1465 2387
561 2268
2871 2805
2128 321
2280 121
2212 817
937 1543
1036 400
1009 1601
2401 1909
2909 2376
75 1439
2713 549
2421 933
1393 2422
2762 1137
1349 2982
1865 319
2500 2314
1156 973
2441 2059
649 610
601 697
1487 1657
1801 1282
123 1553
715 631
401 169
873 116
127 1921
1777 425
1177 1389
2001 571
2008 2121
328 45
2816 1649
271 2561
1246 144
2689 1843
1073 1005
844 1201
2856 1
1818 2587
1393 2806
2454 2167
1585 1579
437 1635
193 1039
2245 601
2673 2126
1773 2743
2353 1969
2151 2985
709 2761
2761 557
2461 2861
2566 2026
756 1522
2766 1521
2683 1826
2770 946
865 1204
2286 1339
831 501
664 2113
2557 2227
1501 659
316 535
2179 1239
961 2761
2769 1459
1415 17
1261 2321
179 2977
921 2401
417 1731
2167 2813
205 746
2546 861
153 1561
2543 2601
2175 1168
433 2083
2134 457
1501 1489
1673 1989
763 1345
1705 1416
22 2441
1951 874
1915 2049
681 529
2533 1231
2105 1297
649 969
347 708
2414 654
581 1609
655 2221
2505 2730
673 1298
933 921
616 2449
1204 1993
2301 60
1870 25
2601 1837
1373 360
146 2995
2623 1495
1209 2956
92 321
17 843
2515 2827
2691 2161
1280 671
1437 2518
2809 2299
307 1759
2695 1681
100 2081
1577 1738
645 201
2639 2141
1873 1993
1291 1525
2777 1417
2515 1886
2811 1453
1665 1111
331 483
841 1645
2585 498
1375 22
2632 993
865 1758
2590 445
1179 2390
2509 829
737 1615
433 2536
495 1095
1141 1693
1169 26
217 1143
838 1549
517 2247
2049 645
1903 2314
2171 2893
1569 2853
1375 1601
859 432
247 251
569 2442
595 297
1409 1555
2417 1203
1369 1807
1705 1633
2767 961
2433 556
526 1675
1201 2125
2113 1446
1049 2185
2765 325
1570 1911
1489 2941
2993 2507
2971 1690
2407 1441
961 1111
2296 1409
1481 1693
676 1063
51 1756
2681 2401
1435 2219
2745 771
1347 2155
706 2445
713 1021
2836 2469
2789 455
1841 1021
1609 1585
1501 1265
1563 1397
2151 1225
25 202
2965 1404
2430 1269
1579 2977
2113 1273
1882 2635
2169 1765
613 1918
1456 2757
1105 2849
823 1453
2452 841
955 2641
605 297
2067 1725
2801 261
1620 1621
241 1849
2400 1237
601 1551
1133 241
1399 2905
531 1311
2937 665
1102 2502
240 322
2841 1411
2385 2065
2581 586
1737 1933
1905 358
781 2875
861 1468
2711 2007
1057 2645
101 1729
735 1603
751 1361
1510 1314
111 2317
111 893
793 481
1597 901
2181 2197
2689 337
1711 2306
1403 1957
1465 705
650 1963
2841 2247
1312 1381
2606 1026
1276 2551
1101 1141
2434 2130
1837 119
1601 2461
1193 656
1561 1093
1145 766
2788 2561
981 2376
967 672
1813 1351
1401 2191
481 463
1721 2121
17 1186
2777 691
27 2195
109 1711
2255 781
743 1811
2761 2493
1900 1993
2533 1429
1651 252
1737 301
1633 2588
2975 1207
982 1561
1225 2617
2351 71
256 451
1105 1657
1585 857
935 175
1761 37
743 2641
1567 1321
1928 1081
697 1281
2336 2905
2937 2351
366 2345
2611 1277
1567 2125
2751 2120
2301 2943
1936 2381
1233 229
2025 427
365 1231
2719 1480
2969 2137
2997 1000
1201 808
2041 1697
1705 1133
1270 2027
501 1021
2461 1247
2149 795
2929 2347
2228 1871
1285 301
2432 2853
2629 341
1501 2156
1315 2026
451 568
2785 131
2689 225
1633 2121
1961 2946
962 2517
1106 1981
2913 1561
1547 1489
1667 2393
142 2025
2881 2519
849 2935
2972 1628
769 2109
2439 13
2598 2503
595 2401
1330 1969
1069 2849
2881 1021
1855 1999
1301 2098
391 2809
2019 2359
717 2113
1777 793
1056 2809
1249 2841
2421 1666
1772 526
1591 2662
736 2269
11 601
2327 810
2099 2451
2969 1
1817 79
2821 1420
1865 311
1609 1651
1825 2503
2428 2609
2676 1321
1571 1115
25 2107
1062 445
308 1911
1174 2627
1282 586
2917 393
381 1471
2168 2953
1424 497
1620 909
161 1501
2837 93
1864 1585
421 1457
2386 299
1861 559
2071 49
2419 2585
727 2525
241 343
2253 544
2571 1046
2605 2069
1376 1
531 1061
1281 238
427 2923
1051 2700
2911 2089
2215 540
451 1182
2222 1431
1009 341
1361 2248
2554 2470
2543 61
823 1774
1477 2938
869 2065
2739 986
2440 1314
2115 2305
983 1001
1649 715
2041 2164
2385 2855
1801 1036
2461 1961
104 1
1195 217
2971 109
491 4
1833 1063
2305 1407
2893 1753
2473 1584
1563 2159
1819 239
1769 785
1717 481
2591 1561
241 761
2116 355
1014 1849
2329 2351
1489 1507
1545 451
1459 449
1141 1369
1273 2851
289 936
169 2794
616 1473
652 1681
951 491
751 1513
901 2971
1014 921
2387 277
2496 1381
91 1001
1025 2654
231 2104
2389 877
86 2395
969 1369
2759 2961
1867 1705
921 1241
2066 1441
2943 1246
1801 228
1065 935
1741 2137
1051 1265
2909 1940
751 1093
1364 1621
73 1617
1801 1425
1561 1801
559 1317
2533 2701
1780 1085
2821 2145
2278 2437
1202 273
2183 706
1884 587
2493 777
2381 1637
3 534
2153 1111
921 1177
86 2181
1541 2786
2161 256
986 193
661 1
1156 2065
51 2311
1141 1576
2903 2251
337 2965
457 2277
2161 1837
247 869
1761 1846
735 1813
82 1403
1609 2615
1508 2098
673 2583
1224 2716
701 1379
269 962
2366 2530
691 1636
673 1885
1063 1897
2519 2503
871 1037
2479 1297
961 1201
2439 1693
2941 41
2740 595
1741 2153
475 1159
247 1298
2409 1312
2437 1207
1486 153
2253 90
2125 121
91 2428
1227 1093
2416 2301
314 574
1561 1516
307 1893
1209 2125
2975 1
1342 1611
866 1505
2113 2959
469 1521
683 286
121 709
2049 119
1087 226
584 2245
698 2787
1337 2047
1829 2921
2410 451
2451 1801
261 2381
2536 1440
1459 1963
2185 2405
2173 1238
2879 1546
1116 2101
2803 2271
2682 625
2596 1053
1051 213
1117 1236
61 13
2251 2955
2511 2065
1369 415
1327 727
2740 2261
2646 2863
2326 2471
2293 254
141 1141
2119 653
2503 1291
433 2471
251 841
2471 2830
2473 421
2356 929
2421 2761
1750 1105
2199 2237
1282 493
2467 1921
2353 1873
2920 1929
2257 535
1981 2695
2461 424
1071 1785
2050 1040
2401 1563
1201 1834
1525 811
1593 1813
1690 247
1576 2296
981 2746
466 2521
376 2401
2945 169
1432 1681
1969 378
760 259
1681 2012
339 651
646 1186
476 1714
2095 1453
2477 181
1252 1719
909 1906
2713 2797
1729 2155
409 474
343 216
1919 2093
2561 2176
225 2901
1867 1963
1575 2497
2445 1451
1951 403
849 996
303 1336
307 1489
1642 493
2321 2258
2461 2209
2119 2101
2911 1777
604 2626
937 1889
810 361
2266 2001
1083 2551
931 2361
1343 751
1841 1807
37 1965
697 1881
1449 1617
541 640
2101 1471
1759 1945
1305 2461
2386 1051
1105 43
1042 1357
1816 78
2461 1042
373 2531
857 472
1071 841
1585 139
2325 1465
1357 1645
2676 1191
1474 1951
953 1498
226 2517
401 2833
2851 2986
695 501
2197 453
2586 85
1651 2047
2251 433
1473 1291
308 1651
475 233
340 1697
2886 81
1231 1917
2072 83
65 295
1201 1126
736 2441
2057 2053
326 1673
2866 2877
2401 535
391 1465
394 1801
2711 1657
173 2953
2464 1465
2301 289
676 889
601 161
1509 2817
2585 661
59 1106
1587 2086
2311 1260
565 2338
759 2281
205 2465
1436 2311
83 1867
1761 2257
1051 109
45 1320
2095 2401
1601 2065
1261 541
283 2031
1137 631
831 2657
1759 1819
1877 2311
331 2954
1451 900
1585 2426
2025 2446
411 934
2889 280
1739 2607
2605 2013
1211 413
2839 301
2071 2209
2635 2707
2153 976
2539 1228
2029 1906
361 2558
106 994
2341 526
2801 357
2023 2061
2405 2300
1417 1096
2129 2471
2733 2872
831 1517
61 2479
2877 795
2267 2654
1527 2746
1209 1206
721 1341
2851 1533
2101 2445
2954 2710
599 94
2665 2668
795 2047
1851 2533
1265 736
2597 1551
2378 1273
709 1841
1636 2266
1729 1817
2797 2001
131 2431
1277 811
2545 2465
2311 991
2357 13
1526 1719
2126 901
1921 1321
919 196
934 2623
1580 121
97 931
2268 341
2075 985
2921 573
2851 1141
1547 2347
460 1207
521 1172
1612 1453
641 1931
1993 589
344 876
1430 1921
2535 2337
1145 2441
1567 1555
1204 2457
548 1337
1803 841
127 1329
598 2359
521 67
1105 712
2549 29
1519 2071
2007 767
109 1213
2777 1585
361 2633
1705 313
2801 865
1102 1177
836 2593
1657 2260
601 1576
1987 1589
1691 1117
549 2962
1023 1773
1914 2426
2119 993
2305 1489
2251 2641
2439 244
539 45
2143 2257
1015 911
2059 735
2734 1041
1838 258
769 1447
2445 2021
1761 1273
2060 2531
1085 2266
1465 925
177 2015
780 2103
90 1491
1657 745
205 457
843 1801
1951 849
689 251
2993 699
1861 881
1601 101
781 421
1561 1349
1785 2623
2803 561
669 1209
2840 655
1265 493
473 2806
2981 2444
2057 2201
313 2383
1718 2701
2651 2135
520 2301
2231 529
2083 875
2741 1326
324 1564
2305 523
2239 271
2713 706
2521 601
71 880
1765 2131
11 2257
2126 1476
1425 2071
1305 1014
1453 2545
1589 905
1801 2281
1912 836
1453 2379
775 1774
800 1321
69 1085
2205 2501
385 2324
2001 1865
2160 2131
2593 900
1885 292
841 195
191 2381
2827 1841
793 301
1433 934
1817 989
2965 2815
1326 1211
1599 1843
722 2485
2681 910
1777 1996
2911 2161
1884 2765
903 649
853 649
1356 892
2257 421
602 2151
2117 577
2545 721
1231 2341
2017 2371
1051 673
2401 2476
841 1322
961 2635
1891 297
0001000010010000001000001001000000100010000000101001101001000000010100100110000001000000001000110001