19058
1423
4085
1117
690
1731
6166
1885
19880
10456
6112
725
16643
9677
2573
7664
2878
21762
7165
2096
601
9559
13562
15468
1185
8922
3071
6462
18662
7055
1675
728
12167
4744
2020
6471
5809
14760
6226
9538
14123
7904
6515
4019
1966
1682
12812
95
5629
17739
8492
691
390
6517
13253
10604
3367
3327
10993
21710
12821
13538
189
3216
14607
3783
8472
7904
5287
16644
19233
4423
5535
6988
13817
1458
3513
19448
6417
9250
17478
2176
4714
11487
9348
16344
1763
349
8864
6114
10492
6906
1572
4458
6843
21388
12064
9434
140
3514325
1144330
5728627
5729419
4979537
8564082
1338334
12100898
16087355
179830
10844755
4910126
4245297
594245
3341602
195168
5758260
3088532
8799689
15953093
3194477
743115
4190224
7026526
3381327
234027
2435273
14720728
9251887
240587
1560400
15907067
8477255
4193557
10815556
12361901
4298099
5903588
4660038
11443496
4536321
3489115
70997
1287436
6173105
1055321
14487103
9761570
12973632
19067342
12789332
10142811
15690802
5567199
1223478
15867566
16711037
4315318
16973136
9727464
1261558
6680132
12955675
3414167
478252
5351697
8112007
13386957
10791850
9205309
1956121
5712767
238062
3521602
5302036
9424409
15665880
12161892
3874511
222095
5625967
5133335
3072689
18815649
8208402
599442
15466550
12728923
2707856
2370695
2748874
4426544
7482369
6623409
1574462
2268678
11911334
1428163
6193252
4476866
282549603
947878304
666468611
311681899
700923489
229053546
978713127
296942668
677136873
548965624
234965562
98470732
823888136
432268967
129172690
752823262
264763830
277585928
12614977
790508257
321886111
488301188
416386632
145424743
604732273
724894650
275148530
515230715
563096604
336618855
979166818
802762087
637408965
368675945
601201874
623752969
445698305
185716726
654130063
197202254
87957838
406138965
395309242
417797955
982737774
555123829
817794376
106102691
825361311
839759571
164598376
1098190
896005256
663361371
91049981
47841052
958817192
172258750
96357492
649322078
51780283
399340269
622985130
449964819
9418669
181675759
460858929
457423781
95965307
92825213
527069774
924845856
376687905
197697028
639150994
572454078
559207973
938846210
646255257
291924542
219124388
586218072
500198515
682063465
5663986
622556488
701653654
887300739
226794304
841874142
115283940
727119084
424623916
524504958
111198160
952252413
858166881
173543278
976425811
295831965
730457524
504817690
720005292
392171619
793952155
457394587
924906656
956444491
224112276
618626657
571169485
144423826
75749720
305973250
538933138
666611407
812296162
609429472
931650466
462787066
883115874
137178749
270524983
122903277
535009759
922066271
545522319
141946071
859107782
34459750
229088356
585536852
256971097
983759295
137461260
753544714
16248470
475057996
772878711
883450341
29905364
553985866
392807011
231391613
350050333
193743977
222831326
622477495
693968075
988821031
642520341
974568726
95518968
686429541
895011694
34194605
758111291
142740517
869797529
608554376
46488290
691156082
384275467
28462182
154682
889248466
8143551
694965262
136274522
680758585
85076764
652622455
942682334
253731603
698868306
242639862
922018432
414803968
699011348
599508163
125573743
685411142
978805757
666306783
884299909
736612019
559456243
636464059
572341874
167131938
939653571
119106083
341878213
35245200
629241702
575129874
895330748
2039242
139666817
950769859
292665803
162540992
710153292
600127842
578802736
955783814
850703747
317734297
817932752
863135428
889724106
877965651
672181089
475869057
527896563
931345575
73174154
383374671
74623938
918582491
698964709
814792665
933780576
217914662
525835264
923635313
466872527
46481106
885266507
259527519
2661766
776106028
63515452
164895369
625130139
216257174
79028237
681252205
872580485
92287402
450434503
886457707
15369993
149323195
493663337
470981794
79692940
449467908
428310630
273365116
136220350
217525393
849430122
697185376
626780887
148249108
417082923
623450702
86511364
570310205
948000361
609314493
403298972
848620388
752518619
970578524
628562475
472319406
87511650
749579408
47771918
774871769
690060027
862668212
676267893
305394831
254539145
556560422
361082566
237103110
737711705
390185701
35959443
810094267
156432260
60127949
462260305
785886518
825129257
26586085
368254883
347783153
399642546
461109890
824338115
307908651
968859145
763771338
921139802
137213688
156869733
332262644
497150886
553394046
965253075
231271295
303680366
259679439
941827760
895790355
887038707
304308499
413609022
803840618
285079990
57724613
64248265
425648824
58460533
960420093
712501222
55019136
410252797
643797568
676000580
519481584
920767894
71141871
603059052
577198378
31066351
268316130
225039614
330964601
208811257
186307765
221835873
46567693
838636890
535581112
131821403
198482527
922217045
109750567
362575422
608220607
327821477
274098573
732451099
149056576
101856038
385421551
366703267
830104938
163048328
851981
391677496
983371804
118678912
630426452
582011916
710424179
367388259
996494266
950379888
414189970
13510083
442762360
341437463
462149926
331769672
906926980
495681588
479000869
685452910
809086798
598309253
343211014
360582225
874456678
923696462
884139058
961970484
673992676
872714620
945384220
223752883
642982739
314225561
867217804
504547585
327798531
171454186
35980577
287560513
351682553
651466298
548401995
718152102
975908204
351076676
595489387
889583337
149932597
516652805
671926810
278312420
363744879
554534248
151412224
725853663
711414463
263120921
992491635
231642795
388171377
820099547
116448873
814002010
178350192
209204225
467375861
975970606
979866242
229531130
752249166
820257445
801947913
189869993
596467325
394147077
524002522
816513228
246884111
554103965
421531127
218059515
652517897
595612911
633935544
210134535
762101207
580909165
70086272
422641276
421728289
812221525
462067823
522869669
742111755
451734074
960472300
32207541
980214547
346366075
740330772
258158112
878475965
814355187
942434016
170769337
623393521
654644068
959207814
138002776
357072369
855008568
957131386
629254273
856182860
143727512
586383224
62676500
147304083
556840529
59842580
87336335
707620431
990421575
677592318
384726212
839439490
860398986
315679958
924448025
440158504
279118766
810044171
238937793
38871863
227008695
293609837
413134038
861061455
169041303
457947780
23045809
935332492
379671462
327692983
816393195
823782091
423515494
359295622
670049400
212280567
259571228
746042106
45081723
929190986
809284614
135290710
874972438
781811019
204275135
136641855
664848842
577374317
39824903
244580280
596686744
508027895
10035310
757806919
545648941
793028298
300065364
799158204
579262316
143675745
589179582
613036116
921367906
792772763
309656341
764644937
267230584
874791328
86103775
674981188
512849924
79056794
882640007
337112737
67694088
33508914
520072836
970648711
883241985
932141405
162433570
552729075
200580914
539079569
69306524
369362485
900716787
429650308
248336107
175646577
951907549
585268928
923307501
889991329
441076252
488564343
486034537
762248417
853412952
313402896
98899923
296409166
422645159
923920013
286435842
9915236
812849121
287821773
522667259
229230236
169782283
438343220
928116689
959790071
181059810
694034212
25021660
12450250
304835725
159485589
496125541
607552304
904833472
648072243
650021990
254156507
315261826
6483588
521141437
468325475
614991752
435622123
355166978
811948776
190667432
987120599
475254035
699975266
156398054
43003295
804814679
534119505
819652124
671655483
87679282
203453770
71840181
835767437
398628192
140796625
525218079
307019247
615319483
303780777
855932364
686337320
39826851
101946712
197257615
382824111
235695743
807424622
326337122
766013728
616760271
829533577
906005289
49150037
89718071
834585944
911382939
68255628
217801487
784871752
292453113
431963482
333779323
591199657
623742774
483383027
832569956
347841239
902281572
969865985
649829396
143112341
52694942
182379008
779093795
251992142
559430964
933171970
978919946
706259243
170941790
148038571
577602017
430429235
200419091
931857827
266570796
414777069
548728389
911623891
1798116
770735334
886458406
917601377
609148027
920026926
778709431
546495584
584639025
317286993
802410904
328011294
627958616
493548545
385051795
200584244
777936697
557827344
161962520
727019963
306243951
236563256
175216789
383335749
806769621
350573759
347978349
389332530
345769210
898898353
788747242
643945140
840676953
60540082
718800711
634727396
885046770
226406680
29887212
30018329
616059911
75931591
510942099
330514324
831900880
377052612
990852602
794543121
431839124
938414701
858329823
433535705
29168167
581508271
498906989
990310192
404321180
692262529
608273967
452017929
277382769
670287114
790492841
769767254
613851652
235075184
960322506
257707144
5731952
99757095
420957797
75630001
711356620
663335376
727540775
590261205
784788629
126714847
285879735
354849496
498784684
721218141
339571708
508038135
186878806
644102511
418935576
946215085
470989609
637216247
545527902
264193172
127413006
793699844
746389012
882091238
763367196
973785075
241567395
132511770
216486498
378935841
642554238
279922632
573815128
904696401
665816666
850892180
918164272
874704802
490004008
904154509
616987820
749649235
195448017
602290604
754003635
327602756
380662516
995499352
993101075
742539772
197614153
588661260
982780619
372731554
921722100
