0
1000
227 938
567 618
650 785
298 351
190 230
120 231
50 410
558 626
110 910
96 598
192 484
839 860
284 898
566 886
444 545
397 688
150 313
88 958
757 974
344 436
525 547
578 892
47 689
282 861
788 824
54 524
355 486
96 443
54 855
483 736
614 672
191 233
454 875
270 484
383 468
442 683
594 790
457 954
810 995
656 956
64 713
114 510
363 622
16 299
280 374
318 395
582 991
17 31
576 768
196 883
706 968
653 676
467 482
214 514
220 756
273 700
237 401
561 679
413 809
137 974
20 657
362 852
281 290
51 271
222 800
654 779
428 739
282 612
55 373
271 890
204 932
752 889
418 631
575 811
364 862
195 276
446 582
272 973
641 850
339 699
63 821
300 401
369 561
65 623
148 582
146 817
733 789
170 191
547 846
521 737
428 804
515 758
8 157
44 330
269 564
155 972
336 789
447 785
209 216
19156 38901
44148 49219
23398 51796
9189 43450
61265 79333
70690 99037
69516 74315
48491 92494
25021 90249
69709 70360
33431 77840
30360 53385
71376 85949
84342 86300
14683 34990
95750 96356
22894 51581
48233 60919
69575 98818
24484 89531
76047 86826
18401 23287
48880 65693
30198 61734
86314 97078
2463 5849
8396 26141
30434 88895
19566 63519
83905 84703
57916 63985
5640 81458
26107 64525
15889 39973
33232 77607
29243 80371
57965 74050
63812 84672
36508 57169
5568 65596
51046 68848
12733 34506
27767 28170
79539 83874
6976 44506
48511 53000
1464 75671
30204 71908
788 70191
7404 92287
12951 73251
12887 63492
17715 85305
63490 83272
14714 23157
28376 91387
6170 84293
75380 89840
1576 84154
5916 59104
86416 90501
73787 95891
39153 88693
1681 28876
23274 26165
9634 41913
39321 72374
12421 75138
59804 96987
5550 56905
995 19810
31727 57680
12418 14358
19826 39414
48576 69544
10802 59782
34641 94436
43545 89146
8273 33991
82290 83033
25512 52823
10483 41314
58636 70267
3790 90564
17834 58489
15227 19533
38115 95981
35815 85747
82168 91032
55548 64827
6573 26988
45708 63867
11370 52162
69349 91829
15018 25534
78829 86430
20523 73801
86262 90886
79992 99902
84909 99136
991439 1253011
876652 1699372
401361 1939979
781148 1899464
687700 1368172
69520 498875
1167218 1940024
893549 1963335
165967 1856316
950656 1443471
1317437 1511336
840387 942505
101899 1943678
781320 1984602
352344 1515159
748752 1454737
519079 1707240
1636859 1843557
1308997 1319788
947080 1631892
339328 764998
1309388 1700356
1523432 1838907
397480 1550533
370154 1881960
670398 1376036
650299 1791199
296528 1785361
243188 1799576
714706 1064655
714480 1610457
57965 1122936
368350 1103117
344128 819600
59844 928338
509103 1178245
71817 766329
1457682 1605010
376535 1123414
386579 1585634
762099 1723679
622208 1057206
991157 1349720
531912 1000650
315846 1379455
630848 1201114
574877 1389201
910684 1016557
1076552 1758442
398964 1301515
1737474 1858066
1575710 1576569
1224577 1926787
469573 1970232
606666 1626278
1907473 1941357
1114300 1884922
1567674 1700003
1645250 1718216
437150 1944653
584726 649144
4286 698215
1234608 1736831
304642 881356
738776 749452
184216 1485737
1224111 1604636
645732 1123331
1096533 1184618
245429 404324
868593 1359065
1095309 1845834
29465 675463
926903 1916244
260052 1045856
77540 1756592
33325 1738744
1052042 1822806
71778 976741
476938 830868
1097928 1294418
1262823 1733391
614568 1139421
1101286 1670717
269039 1375399
1185939 1695572
847815 1486521
895880 1667514
260564 1551187
99377 1955754
686822 816907
295181 1937410
334661 873097
1537607 1929084
125836 1408907
435404 1416510
276285 1254040
1377278 1518816
632117 1554366
512342 862169
4377047 18308493
6081597 13799756
3779768 18484454
1984425 5306784
4014055 6888568
6966123 13057352
12191552 19172385
9322433 14986566
13311310 19920791
4527830 14191216
519569 19193212
4804698 10272798
14823473 17307508
4132068 11678283
6364342 15289038
7504871 10971971
5245435 11079974
3533951 8945808
1235527 4677975
1756565 13898067
10883808 13401862
1062470 14118294
1266458 3389952
3570022 17314933
7664859 11651382
175365 18543622
10609526 14395426
1460332 6920920
3068654 8743598
11005219 13009741
9578262 12049246
972745 6500894
8994746 19126517
17195636 19275311
6107522 19541101
2596868 7016939
2777903 18816560
4361169 8791972
883225 9342011
2192554 7562050
12375866 18202524
17880406 19156169
8155201 10542116
16630960 18570064
7103225 15227394
6027634 10861141
15629700 19234090
663177 10179319
6735693 7364971
2073053 6021325
10049724 12586832
15098310 15345478
6746284 11083018
6226392 8978746
2327650 12051324
16020030 17000966
627466 2117639
8507212 12232999
1817628 9406532
4034127 16693497
19403548 19860091
14867711 18884745
10083026 16922938
8662109 15758249
7970814 11457381
2584998 17789292
15069839 15825878
7585408 16388063
9519285 12253793
15077915 17920171
2284536 3492216
3902863 18525299
11346434 13569235
2615479 17886019
2057972 7781007
11960695 17203434
15108212 17770668
1071276 17187468
587360 19681884
4277134 7744918
2464582 8824409
2150751 12479872
4747736 10183136
4031985 13123762
706256 4410588
5470721 13463235
9038634 19895518
1196281 8748186
464023 16614659
8804157 8859723
5222707 11973917
10029396 12976325
2562194 3850207
478353 19960166
2449767 11160632
9634805 9817055
11576423 19804255
8029554 13731108
430673 1563242
265889 13090282
518708523821 932712599961
796068064616 945977027173
94009161457 145952080094
407090962913 953329592694
218369281748 762876728932
97516628310 144891343307
181692731106 894921797716
638365976698 902709119460
360585337339 922671444206
746982137834 972422338926
352105729355 986562297815
416110682312 690404922485
57568336549 543283713852
74078402336 986949562884
557994663058 974931642806
90754243166 597395494543
217673270983 700692465475
207028210485 234630572809
230832318634 723127861481
210275315968 922877781866
290257183023 442566530882
428321423670 650211991315
132648538190 378757815303
257600393908 273597471454
221236098737 450659009094
548287163700 755346445335
712368048818 764793544342
850314531184 913297129443
117759845016 557584737034
201863361454 681617098661
83147156258 352938490962
149517838754 748414622601
630450458645 824689904914
241387272284 855059687926
22972799293 274329009939
533727422039 672922158732
182016591684 576172052425
354553308097 791417830080
182479706572 906192105278
295786759433 315769442391
177267797871 455945461191
636935051587 830602912108
700206484429 927667973548
312850975838 464411115097
429284519828 431529949844
607796929396 903051688177
360488773547 509824351826
363944440854 770248092662
1866437204 809023997113
616040128849 966727054991
68259183226 881208322395
239725149102 483884492474
407883367535 561934892474
763699399790 965621088726
179671456483 920902434491
410445163047 552955031925
460219762366 525561047658
6562264073 321896059547
328311847246 705141678896
663336970927 934942230742
284102899595 294708506932
420363027822 910752020072
367012080383 498579146554
137639472751 331083894880
406297499360 990241932237
444387209480 506752202632
387859197609 411031353154
914289433618 964591902791
666676198274 971681029100
369174672112 410894430616
274405607554 883566606873
340112993772 708679293945
923867392921 954007828124
87062652928 320756639963
30993733564 729846944763
521381895282 585040918870
94733605781 224406456448
470050198436 592474299681
23758168552 521002979634
584440757228 719138176170
453106825158 686045257733
194462982650 608549383772
288597432928 476169590120
578756285378 660588502159
520043766769 863343661404
229042493294 853531101824
51348870799 120535489376
444242374294 821326134595
350780887493 799483669440
549953619375 613907028440
343021946574 838487002789
224896979275 545010770672
155384262571 344538288240
111369322200 119800578237
220845970799 329620713626
20742363235 622530141723
605085200832 842086468269
399158296899 531362529648
181628878287 700708468328
478610679037 940146878231
19009107820997828 520152044090977522
127304367952410025 128048167084741696
373429403468710636 530695127153864853
169553735969305723 428906636494062112
677556854798216823 772692928740719568
571534245922885194 894738725818559997
462272941830770365 601741433700949379
335235497767053614 983961926751763230
304292701609425717 742795459898308909
221521045895592141 933555172108494638
142037759091215356 907010427902969658
48759273297741391 57052931798222022
735152093506727630 840346083904534427
570072103029251027 590607153500911797
601822006242137023 681033260404183568
197593696166473752 950236729673799395
107278325194445811 271964855169135560
438560182590739120 558644211122400499
90182750203869638 320112841970377532
921127106833216340 992927353692296441
365179595137452318 841001453083033382
295181820256681063 974979113696726417
257623227599043117 943634907015748085
240276024200388010 273693904203494762
399792418179065616 854125413048397688
425663053832508889 677639139227172487
417977658061520862 540787151569569413
514585227188697556 766844654119668337
662919658622503650 919220880336447063
724097705870451791 942786401340596966
397150333343145931 707579951863953811
610274394108200697 940283529461190713
475755983863172936 942271471189228970
53018110345490683 782049432336004425
19564687906778259 577804008535803310
764657465913427988 845874542790588356
216703909883627785 834749487396004952
444758363002342265 866869596292603730
176273674288814432 884107641907488393
360568375926980688 666782794573902545
520313024697561663 538024146893411662
928089300120294050 996803366940199729
86128532573803129 186889804222932917
402854887795346993 955960218122511645
54276900764818941 637624452595310408
613120430857029068 993943992251913515
39400315052623287 959003846122663745
732865748684598020 976770390500224729
67589923773668506 710683264781353718
120101467196439686 914201732539202321
144895008520193467 534054369736636937
956705663296299 751514833241890028
236187069979013161 450691693930970698
749818841003420737 793796319067006379
507982366966963932 719988905475264381
136004167090973843 860061956910717501
164190166785767285 644677594014774410
50047373394188503 948833591875136091
925531629343808922 977411239352879521
457929008520950238 988730880239925553
575183470885807253 877008923495197406
559356376828239384 845686915221212829
552975389328962750 854172256025025565
122340577052446925 391463002026087219
252658406848950949 630888866206655411
189947198058520568 860018558027313825
126562350627569142 948087590346866158
538167829280230039 667859001069881520
110664344515115217 580761544254559160
214336750089393159 871588613022424217
718799302452230331 996369801153974526
204513469761966374 324487652399956281
188842938223798638 689003911641806018
31733175645111491 974547543782130351
193185846611973451 210168279891749664
437432985391473972 514446331783533216
108856235796877441 671082665758288442
36320751879097470 43952731191421807
36005315984094121 606703797119901876
221982877448566721 401742744541782452
410377896786895506 705245923945509678
994324665178338279 999895603410149584
297243088475624947 836204534034745276
535908723048116145 823290015173814306
579824011568266316 690650989035266236
265597389869690562 857335792039672469
672502376193013269 704566356938864805
20333358719401971 118149552422724961
67566175883563275 238682627589587517
121925708974441231 395480923365644364
222346368413391926 495772636991822956
273136259835726802 887322615731003677
676914882166760 775802540453338659
73078434195166204 600797073398194837
269759843879498504 590361972695241177
770790120151481556 771488852020438831
230643186453959595 800263646193543158
408111351250940109 658003984691040910
657059582329200460 767110082382520526
27393907423891527 146475975354614325
14417057982914309867172127913036800 195406151203420913032475368014023596
442036790546312110267084736583440866 964048973472552636773688936825431858
11089407939309364952535972032556877 447104436848205502258933695481127939
98293442276184215822217621666595515 166317628985057814786931407473191046
504082367694439756379165850666637358 934749380238728883936512351628433809
108761551763548074032919043299401298 669818638641597212683404847965823035
436211982156208310573964386785328961 603751150580065029517393633705065553
723513920632197458997988778577349803 799289446687497700345261326899768609
151803113761670858729226587600727130 307381153922673199898400249368918949
527402376771585809132426225792166027 835989852963752274614192233391577378
34183366298654615149602732932338957 551522039939283829246958314552838281
199022018906446930953032816734953158 833241997722074698340472000979682909
794082354951463810324095385028707428 883709167297350684410246392679170641
434515230051061437602394750796031513 532785159181405620008256173592345817
70516556108403425779676829525832084 553536817244048432304092253785233507
64050716549392680012530239302010636 504725358875764531650378220426588172
269260283946661089338413357062119238 365824118798803563794226258985911414
377754960422341623035975002891148014 755624485486914540999181492649115898
17531093916963050074165403648369236 648586640722997262688546836283747618
842567454938548005033428265883087536 900868609804149587764569848593996993
496981330468427002682265849590660251 728824985482259918967452568482674460
34393265692069940611722460947763305 55416045367940315276989541911516288
404297258328139173733692485980822353 992530881964717331917919931405825071
793779608150167296339855672762941531 913263552740199156748613876307710239
423980318379409735094619911142394685 939809191467418041817336146595100011
128354587828102628732440267943857605 187679080015231040152506812798826585
641275761668955404803915722297263303 830670994612366906365438207112597575
311555504989809425127231635505838987 882452628224047285907326581104482660
228438904712458719119324680941683649 682782681218355888644349109285063342
410125773585804120720894679220961196 722427243583516302293415598713587741
669355883485890416026930437479056294 910517309837064996335925283476387569
585596162976644029682816350208056518 981949905011666593776164661121322737
424606612316702184834391194938192775 438306060081896602274472738465801644
191817646907345850470074934763195507 467995607703837141435395607302940640
707172910049135096342214642203473383 830838393265845839975959254952335440
957929356342886310184387753255941764 982454350872959236101359210995585751
65830709937039308710717412463781567 364491442942774681024409490956412054
278110085696732331741629231204823665 653360214566519159682009832699376823
455211940299892901955644130164229744 590892686709954511851918359024074354
233142018739703931282507581056799016 393144047990273702403559450568917442
439307508630232215404347858416971004 578469854756271930382060299642599458
434791964305896815905292393235698300 835685830345971210399907170195171650
869384272007102315900155955345843972 908106200815748093149404447540130071
126954892017156782329981041213027944 447554833835377468702915053916462331
352380757315017045228336910260105656 413840880045465921851024441097660945
441798173196950276637626288343499869 962270422618266094293768377358244674
189997165172585465732182538122750842 773067772139074376805947919750540149
353412706073100069988958400569604968 572857977136314274895674290368837013
16452768155940546936296354368390936 232397259095934442718087599526161393
384592548910829808619135416921269931 871981700830449706113046527657964053
554384946642987943680230114199544995 883656535699379721946237793887667925
553550495707002486369667757025090547 993584055807943190185182961108097349
72701805411772440119334526084782183 849252935597806262908095997371755774
184050136107197658768872991762272808 986473591955864079068341018911109769
116435624474363255158010204122155009 832226681046197427644976123343026480
314793845166431341417947036380931524 594551868287131029344618956527877345
143411298145825008333180797910546898 175264815178587724780281132657485224
196781601651489350779495333323565334 392439274495928020738750417506835071
267818410972961358601237912265881595 585557410989690027951117920437905771
337316908948819158099628743425150882 944004844992183721786101461465061762
65178087098691770111133734334051781 777862067901697011492967148002499389
550247135278347683278645522919466601 883091704675788123077324475175965285
4089545749365920243284993867267698 452622182065434001526435121941587972
378350796439156741824574289450109037 415374869881224621516673862750513042
50610868529555021231703003059477749 447188736787238152157426893751697517
12719140294461887801654272008601894 197393974782885459841041643446475327
187919575302092242967009899213943838 261145940510663627570138523142888105
65669673835892824933169202041248707 741776799613768027422463931838724804
597126209758348758914983635143714427 726551419439861546470210934057552308
492362800860796870635790604243512069 585565474474001994718953585755926675
90831581925356334379480625951370554 328712735829550423111886024819243017
30255513868449021678729321876709045 171141782705693344667733452618426543
100125720064721476038748396838868874 455711434000258928417245226009764238
277897044437169101846911687596133035 909929489528037492710739725972774688
136550810296479248263323245638142928 382811101202240473081779805169990194
11407876235518063528159423540463704 23370091076797046489141505520233581
759812363156766809172248018016581664 819085874840541693490920373876857777
172602127912027956570086304299326697 194562221330424675903919622285326773
207321468316197195419828166752893556 937446555840451272468133936783696553
372190649258118850221234065632460910 388120604896256699747642258003531656
544565908506280878976155511959635202 650031149929242676663496188089344448
649575371530034808206808413183269317 939436838716804069572653208609515551
82639295069358651425405550624354718 541093327345644664297382542888054175
421106408227615520918806872114856999 574553002785102507277913268995764130
21425708031415724012305631800505668 507925652174383311183317165373033048
592833260915127524387108823492741927 635742981628925225050662306552035712
11661787934985547063538775589700867 359403388048223061759458158237484325
529787902186955303573900384600474563 857933890413198091307128702387562268
644268210481175346003426639584840389 687202311522821959774071745222901934
393775062311514062811397357846295766 617940684867670168537393781546909817
45824794874502105886554776512618111 811786408505614188854688298538011110
509225859039016896015765777108050274 608869097904131996875174444619590399
272178419305491587921561073571098426 681298681178312075158849039476635957
343732076041319250201777534700747031 392543974336557455289900869099529906
576976778482955730143576291955135723 927274933480680702571562213210725663
204607852702858646847714149094434117 912817985533392326698602338444467641
590043657194702506854208885745206303 898992896402478978773420729241231041
316029606406445526169863130410662385 512136514482487808727180431603155389
77409801278765793784272913063380033 442169504222482265397907899375721158
353643329214918192228591093228363830 711035165570908699682032415234626722
623504479285611581889230150298750222 672152250969763896223670308249908136
287687119062277790063770496893932803 808185916409400752013501273716596306
337309596596771651040853997810545298 671167859402762748755767225712099238
132857749409157034379202293623066264 391792169196685889385928906469511891
180358710431039549550564724533961100 272388276055352500606298001811130700
193365082261417086800632467126157684 808251503052505289123659612831613669
16399926114015669126474723338839462 752969996755003498311640781164760259
120297896059004335548209929694838858 687354477067489241944339091449729656
384544560017655874993509638407036793 683710565531447268806404762476734026
726854971423910592131676405883758456 737280949108126532294660316543538469
423177089703854721146151901366321759 787500555296364517431919242110791464
70896142408237078920437776187804886 112600984693234166608749732315026410
197805034222344874562849645751180083 974397753547211250926899191204293644
189858260532670689781907310055796872 279923704303006203516771767558477361
323828937130856840507076553035997471 852184051091510796442799887389866285
27010733421183875684963949145847762 343084160955539714865002072733997298
31186647553438660634587576963088200 836381729382136716292356446555538380
15280799535959828536515487962583015 636230369075487845202957498087740364
387078925891835062884604037700460470 832589450498937664042016592828203674
20698124154421610589599094359773743 729510466458234038367097659018282146
541805546378857469673932908660415528 739008957518183238166826463982475476
731027408708784742295236760979344449 823532847195251200863066433829433088
191689435340144088017775742113524803 882700506268654992872743007666076250
165677176761000654753774745532858536 585045282290507475329452178001071576
440332354939884678515069010547904058 848979073643170442472241165324929049
465020301765437698966300221260406929 802767126937993293645105533653734233
445171865545067245309866491384640471 460407510735572679302186132366633694
450455621983868247268762044658006262 662327317774274262953269021401160495
250363341580869753797477673836874031 647240029772691268852900994926592517
316280891151125226122369051560211032 413585812158491762833503034076319888
14498583415374519995269315957460110 808986479151195910947935464363854643
794421706435421882197376736058147581 823250873765872148197345514296978404
325474702515835341837247042916669209 830596688939226693307516594190893975
703410265638686835198224985306306641 764313901056146563460966363913881334
439487746329989966231366247590535486 799030010988331697854547272870259354
617611772569559401515201276120301375 766864195884838695870740191476065652
618108659173818211708820151427189112 781064174305015855208846947358456575
837243470546776512781059628404508545 910456323067969130860265783437220388
126384365495256431426855395892924855 809524972433071046331144360115527700
469117117575272435308679442438394427 893228410556000246706033771360551094
493979461818227018470908423941300610 688699036164736865380441953775535515
200366203180682025190865310137559806 479751353588699786099346917732382360
150650349228247885722456750210927903 581719278053797353204536475509457531
774757646990326072479178625376043431 950062608682151429067443608249656983
434036380821088443274535381463828232 810634744308674309610395126577559845
306636420951863179297784445202634518 804755531602029905463667511039331709
225301761097065874246516569114948679 816638959884447334868819140170851635
648966943838276983462788646236191090 833861240123717496254681772981966363
211666667048424972117905300329551640 866119049435889480154357213596294008
147382632819309346138807985495539269 262422048922150275577027690449165519
438260779017475292377992444824567385 534761356541040935379215772258821411
332747743974257823311518593090445820 554227368213804219183554597007853408
236565317797781866408151422016351908 950026395319640288774984520551269474
188470072047435179844937572790120169 503312214072692853496422773892645197
681315801546755886236748755277335789 977914460531576425219909230510807501
685341206084411371029416842720111666 975179602984023441403356489246136874
364440685347752328909268324497425890 506843516036058226740159775876926502
744918151734212569132218790061935649 849885835271211563358334473186260169
474052783633585208288106502757594012 657592726487719959640721858628284256
805430915345823942444412928930312976 997454298330896400329571805972181839
161604459806249764290847752199927288 572904993313852325220323406435914126
557556915601091951635926053253128076 683584598671506424597972092197978527
89850378012512404717006984623843739 878881513019936953059702545495482362
105789442908214935230999322981523294 221460517482643546203701185666201370
303304738885217338750853378574824177 405482720050923796277961787963603475
228799548561260043420584295970415497 488439672360839790707661486852790566
95346319088961828200360812883685120 624107387321073577962865472968430842
687379480974280699388615505596354202 728706769799991571314199796027999980
508299699596148478093092472233003846 514698190791279805432128603806270850
49755005493689991385818013158184051 624239918001316324468538633895779193
27455960226225131816795819251083821 51272689135515244889894585877104222
263344561576491618909221892215741298 385502057189907813822095370110658122
640218839460469802916131094304170312 965545116039955209493997389811229885
172323270699385204504447868664483617 659451756272706345224098492220105353
347479836601668377261540547032486336 484676675930364655067587894367907375
399990780157330071718872450806137249 464713243216057021474200539707164536
215250897638038645109508083111752491 526752701943447849498397551289353139
113551327812363265011288834957360846 793651889426745375558982654056646102
779783268743965263299478738873063154 825768645818109577437403498741443911
83978402559114712686770551841659069 863873105874522957645306952884880379
284753189023800570053016767946166565 929944954547512839716862949625617725
296955697426133915066601441185526312 805242685712871604145420956480262818
120401847934162707617744070247879023 779483484189424867035625908917104275
280317409228056002095332323565816050 998349597599886330884361377329338363
349151969410296567837376606281447653 688000496976935203131334971744622743
846914861396627974055811644588594387 940238877951129930896505099377462608
52103322475491096088677261969394707 505070682670970558919898204110280001
415452511469631145030007475290033800 786387257925957757152382775977265806
225416749991839169444641199048290834 423982733070001230627130383284346837
77288217398965706017065557303130852 928446303201229506076579801672465410
249125288029673017011343137636650885 516918257975141620442224801312683288
233454047255298831980536409485928467 628085393145237086497072103569651552
26371620606293478591270143627829469 408216602090781983028847979357398340
470461483273223551387454621498657697 993993896771020869758306616165256668
363838083555852227050560338136082569 689156100559809380810966150910680516
564013833335147213665598198914282886 987412879284861569958882266171589223
297503386946826828214587088420251104 521689605635941648946368831955617996
321374463832340918100492564367391441 685230393031999457218465272190150674
558775135800149845157708431576621411 883847189017340752227706090650631116
224711238783879543781819084376990362 259161400477525335986672215838253162
145030920485366395582058948231167663 548156712030612860820273330103079015
722429176898341828675357914595569703 861011823705527700352455655769567669
115204547567233780616413973607518159 346813266078885418391298926286931713
609898883313825035264460493327408488 977212237575751113727164574174763605
508073744870697973648844727454304102 773743332226174138857201705108095380
241779863913763274992020218689716006 835749604898810033343152088085088653
89598440586703026427570659762282152 131041054289752026025100389153886184
73752675793330023604688060444561940 168884336469265043124768221370699800
199527271685343501562142934539271244 327989164208534212665258849560692684
586374447061562895498357495066134964 705302875598170424571330503746118680
282266820815224881298557801797217564 683419965768156803627516853518876131
33625065912731961488054079835839114 469327576591218756709238226656802835
194126077139539513682638479602444877 744895454169742482071895339306072684
287346310914905093352850852436774622 725630837840395175220876862403987543
129250592839043441968237144795420566 476229534909349117992407305069917640
168299243806974123560455907464201023 685411305720200676775240443787948490
314054255123808260925603561142895201 453596697877793518271535330752699979
507374379009380817469311932121171829 774885388395767390223544617467135536
630048925225760216143721868593888083 955473353760835876634459437430525085
199181936905849211648078715809531650 626741582713554842568589130709763359
180006670422182784014716691959760863 496810213997113849541692654636286890
13122256307048833407256634643746082 69568529452071537181827593774093160
229893196644927774480276269631863945 758394344238710987368109984049426377
23354284163642861946017433901133689 67142914978946155708902235816114850
83791491224214130068080263306107497 627597633708708610868804938909261934
263865536381690137061491802226464752 670826350480661653016515834230199492
241723333580751164976312877540064269 930622395559647052851591887247930103
437569625401155957180158959609544292 510291938112163656633870933055509531
558070337406507957806437171374942762 966465964811849576669256100881088847
557668429915887053155166146205550319 613740547702079236594799559868341648
840193258316624242103600310023829059 928723992150945866318396769506498583
598847321698485037808437851893764561 833152996339452174697630659629202740
191653813814686342983285200226857113 928728123362160899852665629300804897
169993670934839235567785833967683573 311265294751218114169326902486538667
88731160596657175007704234990228214 316804671876076770006126567872406207
773261154994305679678776780765534181 949717703575791830399373779106792886
143312670425152744981211776123757201 966171498277048834715492227327545155
481904228964580559067985474684242545 695012364321204735404747596708487211
430535911260105004177876782352895851 868944436105164359923709943707683679
95147668978970444805248235933932459 437800105132221318090354361231876777
341440330975992131596729654024371416 607672784147633375121175446163523203
13152906373696863432595331743666172 631106822806430247588444000394757891
702327552410402978921987732474654810 929927387525203767960374033043555541
705479404407244357457336289182272942 740272874772815902637011988987753991
739908507655212063216584965089754666 817244580059609155457739033176459104
296634493765283612186226384085004681 376931465448666342328309373138866782
496473687491579818122308314014566104 835327828836179489813040508823417042
437394683162997949667411828081945777 446730829789578989729821968666922596
383541451673554492175644802923652129 707608176058997910980748761476248930
638401157662757591316439083401997760 778530219023349870084607516476563519
596529168151155864571267922450110785 927270437412105574416896128104026947
17621846310058847285380308274277242 462792943000287599818284764905441632
54477802411015626708732517042067625 574504703293233619393499152713863434
47689896532450184711953133857352341 210762424521242318551500082344765765
66587021541014735819374141825021693 946508732777707083124042285077594167
304273972055392554731739225681733381 709957379025866717232036789162042160
524504851232485719206722256810962326 869194173880235261040312376426532444
201446941672178092279289253798931178 612504873887256467831621554841734905
354501818937633172543113187232469033 839628895254187929473547271478051136
151548760945690509167760627621559604 430369192284020155552987348600745795
251648483001347235661923068916334429 818954776475534406144967416249943759
598992082274447636201386150985956749 688681059404167092050999443163644635
764150699455658255505582451109397903 811287135512010522173574881095297346
510022252077152647730746135472743768 934101475322075911068640506473688292
76979980914271296028812367785502492 388623890701991831337823601894333316
6932425842960974364049561154784579 322264326203767728581855532032784022
533058735753456231065017002225808305 996671229753748756770905005329511309
194914622537669111294965571814426038 226101840818798915930452163561413224
216965624956362520011857473432853450 236304778218451301996429274946089823
113523997498496835032978279091524078 762182599526658748928031766935423742
100957507456496629585440866727960956 278646232061569901077715697844881657
746816764839523259961570659370064656 916078747960938875762736519487889709
429278792163354827676148103970422343 435701057174763901224427049383847628
226311376497814451492906845462316168 940538664025519437282846372549955019
331411874203926469870401019800963208 774711420968362229701243498429498900
398371136394791990274058146564115154 860283201883863266277207362581198117
682206999101578546914490706171569890 988089677345451842868941600600390130
882329871833603744464066557878376520 987720625389946202971879146877487282
450931179594495465523500009481846861 799213801366089601810291060122391233
141407518319141545705847130685699763 334665916673398437580365976850403083
616173333177900794913614900550311949 934527118567247624713693297581276659
38107208924137763665425956126629652 833977226089854471447765506187683071
38217264757305082599898671662867609 371229546758447236829783770391028263
197047405653772678348841881056385292 317280954542893654638704299582515234
400943958704462366557231976329779867 813527182440220451648979741727208583
636308531533678458460953969743619242 906679899462010082943660890593905863
143978566016687650731687216657883471 381597196979600489695264157529977230
593673350423754615777356899208687148 608577480889787961211960130369541420
205179127536922538044817055961083811 926360044971848196286616494653245995
319084816757663434516410259508059178 344080924675819649716879162972629248
97789089228618726864204522119318299 804553138772308918278998148227028676
11091956026849993657530844629822234 193531141868844178612932462973312666
103685845637583281704570865435947207 291438497582149690654576520754395451
3866433662786429238265595248440938 5964669843547037014741689015037724
16048580407840413958023909164666461 920584462011440907412673223172864036
314934796411369514634898656029572176 651084566170714725381420992260857158
334434361186689002104486435712548902 597875564786103791147079637750339240
74850965877934935765547077308215613 284071117243020767956264791304424943
550715937624671057749365709843198392 877591384542381876577421731025012782
195659162930707120882007011912943612 479609307459431430671585631562221282
132782133796369867718292423806229491 332020409498106300045041481103936152
135623952572710771264587436887122686 902496106190554054480299611216408878
93195660624326715346855485375274796 543489905640288263661136300198472931
225067455811572828420720314244287706 701534028146579411746100309205877134
554823514945683706205622402855422015 671819412438836560182959372688378552
158787625105280239723534902675000890 632730130589525251373940171250913409
204138346615177869986123075460683197 334935652813208179340792827227850266
427355622704602728923686269587440498 623529152070215811200800442869943597
38220448251554354926807941639352375 484665339815831859790449713007848215
671587330181093432367675413947916268 922233227981449214759896904183396520
617719160496365363287371869308681354 816402977250430023892410093546247891
345363113555103495846498140005331870 890143793726830442435192331441730765
377552774597469340852945658010049715 907475778263221611952959212191593251
46753115655428595146276238144368934 470345795581649027455620980126685620
181684433770126968158296091631161223 879540988858926335326179331775462539
125934060567325160477322203800933527 267135254689135305848513195933671486
541020655737104736950752895333587811 776404728657529481397822310442519180
93720555304783504836357733159070345 638395834515804657289621330401464216
80073825333585020535305804474774773 190694477993829398252323315879389649
206025401413202686035089718060780305 767091708729264781897464158032528231
754169581380335626356516516021318727 949249876413969776294435745481275292
510774371578368821560413674958601692 790303574262677004860241539950041083
443729668051199138080543544952016409 484074332186848271948028640541881409
663935054484484127691566874275761156 720107793833444202077472155222094136
63116563967164556704126211568776088 534521806454350677800578266563639004
777215970138861068014065419981080904 939386856445545235511297836039122373
137287348527653829430332514538143092 256705558479800462978618051242080861
149376703967105785465015874109723873 171553673237335044215488668420767135
25654856365540173512832409040544232 457317632617282299283502247020665629
374651222597001844565707361715452038 596285316352830857111056600739119960
822497227076317665287937268127702242 946134744329527764922341073237141967
423187796668505198935859324817289791 518059788464486950945472745902375373
613271978188224073520357738540221769 678967381576016575226976198868846955
618615851273887277826420307435016880 827315332807223292312490438382984819
538158326204610440419446990340315123 768233030428246686283830846837534458
614090097450706622865341923604567187 849073803466895443354706031365662590
50400337251037490515211998076392335 972154383705512935843041535890589897
277274986831686849375367848855202130 373136934774249518576431635076704140
224190351889367911666853579800822454 807898375308165930401301345790370280
87586663795496999256146636008038988 738433821740196464213223271258942098
950684650830610763955147620118504775 997957076732945288650030072089581279
313374986869717856796806512289530968 771631350426142940673072502680189344
692460792317455385495869234257636096 906344486556321303128738919452264022
363498019721467772723062316460716058 765272628913620490746193041046332852
456348955746643403898343066624561417 689330997671697679987567275422503657
39787620055064529597411192510936015 980155141760479080285917943177968996
190082652762167077130310498395127126 826780840137277787177663800127539309
144281658458525210210367199417841482 566914661072404864973312455847615430
51145560536629251616675401820827252 379825776929758343046886735986836841
172021971245201390025124962702312737 252697100412638752636638162818834204
352764314078824485547566610835261440 817005922507374832664700963522503214
262781255100974694759272005431477848 937257141038797081009630109176381010
132170180383592142473662943142056296 237510225379843605760805073488103075
961001083800880380983762981825744965 998567302129880805870488603689998945
76111351456369290887637583025125859 755755655135228902883731675559744423
35401762155252891597714959927222766 613790942954761497547466981876939409
258324097505052730641419569169706642 428925297139793322181263071812854878
962214927449543016087012066955462986 980429994902102114292358930025315551
791896218542934202444482097777466848 802446382805261843063832411258849004
331168529695650602113584445660504631 945532302027350866221992498240834501
622671922700232124734974938630615173 846877009345279165293856561863049749
563263279160715144615955985709875394 687922313408893961454219471349908623
238390325462099276353073040466309351 841305514783056321392958259701195228
382871651502701912149804157291049430 983796945296880738209900215452353923
49651554688838852101414455804609587 432221079023246850425222033539372607
258593731503158372625164759577405475 480103253756571958619186703198038061
66012506464293591225315573553861783 555031424038453070565118192876831555
28817352016892647363535816431634736 183123878868343664856652606270181624
770209392813471462209001397590467511 928967959518873529337099845582194281
9580450561761782270302381104526696 498414887469768991208808488110779823
528089062774146748040346892609261082 803878936895047303317927380562874252
660555712145653672152744510983349418 904249804676859515046229581908118536
151047818346582723536454565012747844 278714328263790446923235184128075849
722296986532776911298336303453846166 835389265399507035460013879166042591
284595394339991925896153215937678148 791122034071087162599527397646535850
203505306626475970121992069717340991 546717927089691320637593031870045739
159903950011981740060572126099826847 220068643633755969940867309212654852
315356437399551023462451498236768216 709099640886240811301548528745015945
281069329132434294724689614850870189 309452188384228807713573563761793969
483997034946333671834845237635683275 781065403202127812475148031991289309
735606692654944992811956089816781472 974812376949894841298025729113033617
221441702021430777098718761272797854 513269116228131207209327028790853400
333585915905993803786970767743798247 395290315110828018708441339676525076
287419437676374015544332978145473135 900676162377134488556923318645957037
521010146825593417727484563599463775 804649242851601287741362926612305990
233116917117888340488003628507653185 777086884426837132750479244328317217
244692629771443115389900447855872452 258949685710291321969936918381008003
363057911722464565096342079399437036 806748150773654891729101319334436301
288901467144240785784075705760608421 884928361176052147072954554174972576
136072105183845771892390812006729348 237325497746911087732836909596329075
695988825719503114946052993330312011 946875379415651605598051583695701389
472887640267087258833638359869907106 712189367617661211773532559857128367
517285756761436170235686543858421151 942571342576261093765724862421945316
9888910720195639487604849491911030 274936584677012610353324855107044651
100040337097474200241962896015846053 889078744165416391387302360333541641
169336943256733257740275718568094248 331789422692534739647225221469322692
450264028759496623045724048861626946 474423812455612348507460287152911354
458571293514325201025515833493838916 562128832191720300519983894379126441
564380625838074781534039087915071602 643672848549075226315240412033817297
701899305263563196651415171375166248 724465762988293766370433443841436005
37162761287874039279989286699404133 971144727015689304697962220587187212
