0
100
14 11 15
8 4 12
9 18 13
18 19 12
12 11 5
6 15 7
17 13 20
17 5 19
19 0 10
7 10 4
16 3 5
14 12 15
5 15 5
16 16 12
6 12 5
20 17 4
10 20 7
4 7 2
11 10 16
15 7 17
19 1 14
9 13 5
4 13 5
8 14 11
4 4 13
18 18 5
14 12 2
2 20 8
18 12 12
20 4 15
6 2 0
13 1 3
6 9 9
3 12 6
7 20 7
15 1 6
5 17 4
18 1 1
13 12 6
18 14 1
18 10 19
10 3 7
18 5 15
13 1 4
4 11 0
2 2 10
17 0 15
4 5 17
10 17 17
15 5 14
9 20 12
6 17 8
2 15 17
8 14 12
7 17 1
15 18 14
9 12 7
13 10 6
20 5 4
3 17 12
6 19 9
16 12 9
7 8 1
18 10 2
19 13 13
2 19 3
9 17 5
15 11 15
6 3 0
12 11 20
19 8 4
17 6 6
3 12 0
10 3 7
5 9 2
12 20 10
10 14 14
10 17 7
8 4 1
12 3 17
13 7 15
11 20 7
12 0 6
4 1 17
12 18 16
7 7 5
4 0 3
3 11 16
4 2 6
3 11 14
11 16 0
2 18 1
14 9 18
15 17 16
18 15 10
11 18 20
8 3 16
5 0 11
2 13 18
8 14 7
