30 100
7 4
13 20
26 1
16 1
11 1
27 22
26 19
1 23
7 13
25 1
21 17
29 17
28 26
11 13
20 15
15 5
10 25
21 1
29 1
21 23
13 19
29 16
10 19
7 1
19 1
13 25
7 19
13 1
22 15
27 1
16 25
16 23
10 17
27 3
20 18
17 2
11 25
21 16
19 11
27 29
16 11
4 11
7 11
13 23
26 21
3 17
25 7
10 7
9 1
23 6
3 1
16 9
4 3
22 23
21 10
6 19
11 5
28 12
1 28
20 12
7 22
13 21
18 30
30 1
5 13
7 29
19 24
22 1
4 9
27 14
13 3
6 17
6 2
12 17
29 25
7 16
13 17
30 29
12 13
9 19
6 5
3 9
15 8
5 7
15 3
10 24
14 3
26 10
24 1
19 21
19 30
15 7
3 25
11 23
26 11
29 28
22 25
4 25
8 19
15 29
0000101000000110000100001