500 2000
35 171
361 317
171 476
361 321
33 433
475 403
15 229
286 149
152 107
378 121
376 310
238 251
112 325
121 139
217 405
447 220
61 457
213 169
213 51
430 84
23 161
157 209
106 46
408 429
465 488
425 61
421 333
415 245
52 199
24 29
157 377
77 287
401 485
1 8
446 257
168 81
263 317
161 5
51 37
81 140
316 126
370 161
91 425
92 141
361 142
242 33
495 251
327 361
231 341
238 29
319 166
261 125
1 176
191 267
219 125
108 197
483 225
81 353
271 75
25 241
41 326
217 129
482 443
330 6
231 291
19 305
226 431
22 121
209 433
469 401
446 145
301 1
409 283
8 117
145 121
51 306
201 497
321 71
301 73
1 151
227 434
458 251
323 147
145 177
382 351
409 143
125 102
153 41
297 27
304 335
454 421
21 211
405 214
101 20
370 284
108 365
342 341
137 296
295 161
345 481
116 277
305 325
331 465
304 247
481 101
189 455
217 485
211 153
369 231
307 105
351 55
174 397
202 259
21 475
169 139
251 487
321 106
187 72
157 169
6 235
261 477
107 241
101 78
381 51
431 457
409 113
307 116
301 264
91 476
253 93
121 129
459 45
309 294
427 41
404 201
52 101
199 205
231 35
189 51
177 81
228 349
325 133
25 111
169 69
145 103
285 218
201 370
405 485
150 433
473 16
421 481
91 18
45 293
303 206
33 207
138 121
57 11
116 149
251 249
150 185
37 125
257 489
473 297
261 337
193 209
251 357
467 318
471 472
125 289
455 481
394 468
396 447
76 41
271 73
77 439
213 101
495 405
284 181
143 358
201 69
149 81
30 205
139 132
218 113
349 147
392 301
437 316
213 56
312 141
492 421
395 209
260 289
61 292
253 362
41 123
487 133
198 21
208 425
349 77
59 425
264 97
48 117
489 315
71 52
53 361
353 38
285 139
179 7
104 261
46 219
179 266
391 313
11 459
257 141
221 457
127 281
9 109
277 351
288 179
389 251
241 495
481 420
461 51
377 418
175 271
429 71
12 151
70 321
457 29
168 49
65 461
321 193
77 316
217 361
113 242
290 37
5 30
257 343
147 245
77 365
281 341
186 121
316 89
68 355
337 348
233 95
237 381
2 259
101 61
481 356
362 361
121 441
45 109
493 96
261 185
319 351
153 135
361 231
269 3
106 167
176 239
301 97
186 241
336 355
69 281
31 107
365 153
185 285
491 271
371 289
273 379
329 493
162 469
84 361
267 331
434 90
43 201
66 141
349 470
455 321
97 255
141 451
160 389
409 360
176 251
399 82
55 25
400 196
301 61
306 358
33 346
59 173
264 351
441 303
179 33
36 151
98 387
463 464
207 191
477 27
11 13
326 413
206 429
220 383
83 473
477 311
495 469
191 349
301 461
301 436
101 281
414 60
155 361
446 69
302 270
45 130
472 480
87 161
341 195
63 43
121 419
341 275
435 401
429 265
1 153
221 181
468 387
355 476
488 346
161 245
89 241
251 351
433 141
272 28
493 413
345 465
361 265
171 391
440 45
491 368
441 111
142 79
167 301
491 327
245 352
102 192
117 403
113 321
241 122
481 175
76 301
422 214
81 301
476 77
98 361
294 22
115 321
217 321
275 438
257 495
409 304
389 196
420 141
305 379
329 476
353 400
137 49
241 281
385 168
301 288
71 349
253 104
268 209
418 31
158 382
189 56
475 481
312 376
435 75
326 185
161 481
383 277
267 123
426 221
23 345
461 391
233 465
155 285
123 221
93 259
381 81
161 273
189 333
311 341
83 241
116 39
291 384
391 29
340 356
139 201
262 311
301 174
135 371
404 397
243 1
433 291
21 35
361 296
471 73
361 159
151 473
209 81
411 176
55 321
181 405
16 33
449 257
96 55
456 481
385 91
376 289
331 296
158 17
181 191
143 49
83 5
333 111
171 222
190 375
206 485
135 306
449 145
282 400
321 213
13 393
153 453
434 206
435 481
76 1
205 457
486 431
117 332
139 391
102 243
127 481
41 118
329 406
191 371
191 237
238 177
237 405
43 345
485 107
312 229
373 424
495 394
211 1
363 196
68 410
409 234
373 249
175 293
21 365
281 299
237 465
458 455
413 73
31 313
101 146
481 217
417 238
1 441
441 7
381 235
469 411
181 198
26 56
400 489
1 201
65 211
453 201
351 58
265 11
229 223
196 221
353 80
408 311
256 130
351 154
196 224
151 216
306 295
301 26
65 201
421 139
355 331
241 245
91 209
371 275
321 493
161 259
1 342
254 491
475 220
437 89
21 121
373 289
136 232
496 147
337 163
85 31
381 21
65 307
269 97
69 413
421 108
149 291
255 149
147 281
281 146
109 23
39 101
415 57
169 291
326 266
41 131
169 473
249 265
293 403
193 427
261 61
383 61
416 101
286 293
204 281
1 467
426 234
398 21
89 133
385 391
346 306
73 189
389 182
341 16
481 402
151 213
471 143
106 293
258 421
197 476
171 251
87 480
80 277
403 447
132 65
468 177
174 344
276 85
373 43
349 420
101 226
265 181
439 477
451 5
13 173
376 301
91 307
317 85
281 445
110 457
99 171
363 164
96 441
456 496
61 251
387 19
481 145
451 485
365 328
425 76
174 471
319 325
271 417
294 61
375 220
141 27
323 19
41 115
151 25
439 264
407 51
461 491
361 307
121 437
121 131
39 197
161 65
349 51
267 357
451 143
143 261
213 411
153 103
21 413
183 417
116 261
383 441
9 105
245 234
281 453
305 6
330 361
179 117
216 185
121 46
197 245
349 174
223 443
143 272
28 236
34 451
246 273
465 226
57 9
225 177
390 209
139 65
261 348
413 395
173 113
22 1
34 166
26 261
493 387
260 27
424 385
162 297
358 441
207 385
81 332
97 199
105 107
187 236
405 15
101 157
354 286
5 47
477 405
369 241
92 169
215 497
320 410
192 320
113 496
205 431
269 201
49 112
273 201
277 179
442 49
429 82
341 99
55 187
112 46
146 266
46 447
171 191
161 199
150 80
233 261
249 431
19 429
273 171
271 248
78 166
372 356
205 416
187 430
83 375
483 243
40 63
493 125
311 437
105 344
200 381
15 251
48 185
364 254
237 445
101 48
254 131
426 191
36 437
35 29
233 207
323 349
14 412
194 59
461 329
481 93
9 206
245 190
291 395
117 426
229 133
111 80
8 109
489 347
218 257
433 381
111 443
487 149
315 45
451 69
163 358
121 241
49 381
15 215
291 209
36 493
126 170
425 295
433 334
208 373
262 89
221 480
101 421
101 31
431 440
465 369
77 51
197 317
76 326
345 77
385 401
417 303
229 279
350 338
5 59
453 67
352 211
72 325
177 305
251 405
401 273
395 309
301 475
455 353
159 81
376 405
101 91
401 500
161 16
148 17
367 213
8 431
356 177
233 469
49 111
477 176
277 205
319 273
206 131
343 110
13 21
310 489
443 376
219 33
496 391
206 269
96 117
202 399
437 6
48 49
425 9
206 361
99 199
403 87
34 135
461 117
314 175
456 398
24 416
236 126
441 351
303 41
397 349
281 141
469 127
338 147
153 159
311 100
63 129
239 30
253 100
378 211
277 362
371 61
407 41
351 401
91 1
223 29
1 383
52 205
467 89
101 254
345 385
1 237
48 138
323 497
268 197
166 373
413 201
393 305
366 149
146 459
312 381
327 485
261 281
389 1
29 201
301 131
208 443
257 485
230 385
381 75
356 73
145 201
228 341
151 427
25 493
381 260
305 489
255 81
221 1
231 221
415 211
18 397
457 15
207 329
254 461
111 193
137 445
169 401
321 53
133 285
426 201
167 131
5 75
497 1
237 123
217 37
498 157
385 55
4 177
401 62
178 341
179 351
107 347
67 61
468 215
393 340
201 209
337 291
392 261
331 29
291 216
161 349
469 181
283 89
404 377
131 310
361 125
439 377
455 488
367 278
205 468
384 25
241 246
497 299
85 456
261 481
129 315
355 253
234 301
369 305
426 305
334 182
146 321
177 174
496 381
269 421
377 41
296 356
211 320
153 66
446 17
24 201
41 53
265 362
231 182
361 289
374 121
94 301
96 193
127 437
153 78
65 8
421 473
177 371
301 54
387 311
425 141
191 301
166 106
82 171
471 149
441 325
176 261
449 421
185 253
414 310
413 126
183 273
376 45
51 275
135 93
376 307
490 157
289 362
274 51
123 151
11 427
1 105
215 151
73 429
463 303
423 343
69 107
24 337
365 177
41 467
69 441
16 457
477 301
186 229
212 289
29 481
371 335
251 63
419 241
392 73
93 221
61 83
1 161
451 486
486 29
371 76
86 334
417 104
101 476
303 95
444 134
129 371
372 207
74 409
151 393
416 481
376 334
389 221
391 127
109 167
262 169
373 13
284 491
97 195
59 144
306 42
91 234
311 177
438 203
455 337
381 357
283 401
91 441
140 145
121 41
157 373
174 68
373 191
7 385
421 79
346 277
149 66
45 121
47 401
393 69
303 161
325 85
369 83
425 315
358 6
181 296
177 101
257 424
81 461
207 357
101 187
457 381
409 489
235 251
11 496
191 283
447 299
286 488
60 402
281 92
398 419
65 421
313 86
429 251
461 444
365 301
491 289
227 499
106 351
82 129
221 493
443 80
168 409
303 201
237 281
360 301
181 337
101 297
235 307
323 333
181 12
51 193
96 95
211 129
489 25
467 37
1 245
321 129
437 273
427 191
356 151
166 172
464 337
181 437
431 3
493 193
351 481
121 81
312 158
225 111
275 241
395 125
81 427
85 213
105 437
91 245
24 19
399 375
186 167
443 181
379 282
175 321
474 112
262 269
340 86
301 203
9 41
346 376
217 202
1 248
251 18
5 121
469 245
377 445
283 183
450 366
103 241
345 308
29 345
299 209
241 181
232 211
364 301
330 485
401 303
469 161
157 457
409 99
417 424
274 61
9 131
396 403
387 24
369 290
75 401
458 101
15 51
52 212
9 170
135 101
252 417
358 69
217 181
389 89
371 291
293 345
285 5
264 233
318 481
136 126
49 427
413 351
126 393
113 178
345 406
13 159
41 289
101 345
44 476
358 212
222 313
497 271
211 13
347 309
255 301
488 151
397 257
195 381
369 312
250 316
173 363
369 181
133 241
188 469
111 125
349 405
345 219
243 479
167 197
1 49
493 444
450 353
85 311
216 212
75 341
45 401
34 394
438 305
351 331
200 183
346 192
353 301
351 11
367 221
112 441
351 61
181 335
276 91
107 201
469 74
241 444
101 117
16 134
251 125
189 77
343 1
261 397
372 206
353 333
405 41
250 373
211 101
311 386
105 149
256 179
467 293
441 385
41 145
233 162
187 405
463 109
351 107
318 317
133 71
326 276
481 123
444 451
33 17
64 437
459 287
422 117
50 26
406 156
33 437
319 197
217 449
276 256
130 332
317 31
151 281
243 165
73 2
465 1
251 182
311 294
45 391
114 421
377 289
159 469
121 389
17 203
158 161
49 6
149 133
341 124
91 477
339 177
333 241
461 6
309 63
153 291
294 463
160 380
316 208
18 293
481 146
141 450
456 256
407 388
311 389
36 425
301 249
299 315
376 13
473 311
407 202
161 4
426 217
101 367
257 325
59 376
361 277
395 295
253 134
66 209
261 149
121 163
377 384
45 413
392 388
150 61
298 121
291 141
465 459
137 243
225 315
449 128
125 405
468 407
185 321
207 392
125 161
491 281
55 101
401 109
33 404
31 259
175 389
246 267
118 303
497 171
171 57
345 489
360 293
471 10
201 153
339 193
90 165
90 405
339 313
36 325
76 457
112 105
221 472
380 354
111 341
353 101
131 325
356 396
436 11
251 29
467 49
70 145
191 429
146 241
96 21
92 171
41 1
335 413
483 293
127 152
286 25
474 236
148 311
237 245
112 385
64 194
441 167
256 133
341 497
211 289
473 371
90 391
275 431
76 398
369 82
459 119
406 379
183 125
133 307
481 257
13 262
201 101
446 234
197 401
409 297
16 197
364 414
421 61
151 451
201 17
223 102
432 65
131 289
127 369
125 494
131 241
117 451
92 442
436 5
5 387
187 315
43 266
418 1
201 189
173 41
57 105
261 134
1 401
217 113
423 385
65 46
476 375
417 442
211 159
201 388
226 445
201 21
196 59
375 261
217 226
161 51
333 171
78 397
3 273
210 229
402 219
455 1
389 289
417 95
202 156
311 10
395 329
269 332
281 456
289 291
421 246
321 207
159 357
321 433
150 121
145 180
30 301
292 270
257 225
2 301
405 129
161 252
409 31
227 28
356 383
43 251
97 4
236 136
385 321
47 241
133 306
377 69
221 61
149 71
81 201
332 209
347 134
251 188
115 281
310 117
298 75
142 96
325 449
497 475
34 244
345 203
93 101
271 221
50 193
85 131
499 351
101 141
26 36
33 221
273 221
445 35
413 346
62 205
411 17
203 277
381 112
236 421
365 37
57 301
359 298
239 17
496 165
267 311
150 359
181 223
411 173
125 286
412 242
237 497
346 147
256 413
39 45
426 256
49 164
225 171
499 53
348 316
13 381
447 441
70 109
349 124
497 246
71 157
1 471
125 206
123 301
212 273
65 319
39 401
127 201
451 137
316 152
217 477
162 42
75 1
253 193
159 233
441 126
381 309
71 305
21 428
105 326
386 289
18 129
116 89
431 248
425 281
53 359
469 291
117 29
181 185
137 316
105 67
13 271
253 385
191 409
95 131
361 179
124 495
446 451
355 381
413 421
234 226
186 181
33 377
143 13
173 1
259 101
5 201
415 413
61 225
425 180
349 7
4 234
211 234
441 463
281 345
11 76
178 281
49 9
319 161
496 267
293 169
129 219
59 301
399 357
322 414
121 229
143 300
231 51
427 353
249 366
321 208
321 431
361 371
87 219
150 74
77 42
107 426
361 30
48 499
433 135
166 201
449 224
313 61
39 151
47 369
25 45
116 401
181 461
7 152
233 285
59 25
153 437
343 350
1 16
177 147
98 339
79 133
112 423
369 430
392 116
121 137
50 164
149 93
35 489
309 441
412 226
56 144
339 458
409 198
271 225
497 403
97 145
11 387
461 417
119 93
29 387
201 471
199 21
485 377
321 241
351 347
1 29
208 21
81 345
41 365
42 351
149 401
51 361
437 247
403 431
419 22
125 481
406 461
281 268
182 476
214 9
83 396
274 321
165 453
365 249
1 246
349 61
18 101
121 445
301 448
250 263
76 247
315 1
369 60
169 48
101 451
201 165
410 495
281 433
417 483
486 23
421 291
121 153
231 232
411 251
301 128
326 275
445 53
391 156
305 251
264 469
109 114
31 334
130 408
99 51
326 1
401 275
159 160
327 257
184 79
31 5
140 226
134 91
84 336
257 93
463 101
329 445
25 436
489 335
293 49
21 116
55 305
309 161
462 385
168 473
61 41
189 416
428 91
322 121
89 6
77 377
309 49
165 117
301 121
31 278
301 111
222 75
421 425
53 33
473 1
426 397
59 399
184 457
279 227
57 54
417 359
173 75
474 439
401 417
421 360
119 484
141 296
229 432
204 386
317 179
131 351
451 259
321 221
453 156
411 364
201 183
169 346
215 126
477 221
49 341
405 159
353 365
61 131
309 305
34 376
273 331
175 146
66 16
198 249
417 333
272 297
227 126
17 138
201 308
481 200
46 499
439 380
377 473
125 50
396 394
96 330
328 291
90 341
413 213
441 51
256 359
262 480
201 224
305 374
441 209
285 265
461 85
377 251
355 169
323 12
367 344
23 481
287 229
13 116
455 201
5 417
445 111
476 391
304 401
49 351
122 293
165 337
237 167
261 312
87 175
186 451
226 227
309 215
76 29
496 454
193 206
307 215
453 1
197 71
12 109
351 221
249 193
172 427
141 41
337 47
461 159
404 1
205 170
1 143
127 49
316 381
384 408
266 106
248 441
53 28
447 120
361 456
1 266
359 31
61 126
89 111
356 26
461 173
498 197
81 107
422 101
206 69
351 236
369 1
5 439
337 425
500 321
221 278
385 83
201 389
125 187
341 113
49 477
109 371
441 161
221 445
271 476
149 351
349 469
193 216
144 475
185 137
173 405
149 393
57 17
361 472
414 157
176 91
113 193
401 193
355 482
85 1
377 201
33 459
21 221
251 295
381 87
49 39
317 426
53 17
220 325
217 147
385 275
185 76
21 481
325 291
87 101
151 493
5 251
429 491
111 464
97 420
471 150
287 379
105 417
126 287
411 180
471 241
183 151
65 381
166 49
121 471
215 271
211 333
337 19
446 56
27 351
193 69
365 471
265 345
423 342
356 93
459 72
103 341
161 171
152 331
22 33
104 161
453 329
365 109
461 402
361 108
273 429
249 326
330 241
338 11
445 105
479 6
376 63
49 121
464 459
429 51
225 159
59 456
53 498
407 1
416 221
13 469
193 131
361 135
173 165
153 145
391 475
251 93
141 181
375 293
376 327
437 221
181 160
161 496
485 246
485 366
113 157
85 141
377 166
281 19
457 71
401 21
383 252
81 197
481 355
81 423
281 1
434 81
463 268
207 389
1 121
97 250
409 444
129 353
223 373
123 365
293 120
297 24
273 395
272 51
321 1
355 263
213 331
387 351
454 201
13 401
1 252
65 289
1 95
357 109
453 213
235 9
44 145
215 329
397 423
315 219
201 267
287 223
300 73
299 136
309 225
241 401
131 21
5 177
371 149
204 87
176 123
28 307
25 57
104 374
155 389
37 471
93 379
75 153
55 279
389 367
391 166
421 461
36 231
89 352
226 169
57 373
130 91
133 363
190 344
350 368
390 109
201 157
45 231
489 51
149 11
239 202
347 49
235 323
41 298
46 391
263 411
86 12
451 119
32 89
99 85
187 229
411 440
365 335
251 287
291 308
293 399
366 461
145 99
492 91
481 233
353 98
205 184
289 266
386 66
145 128
444 21
202 348
81 481
467 113
151 181
283 151
297 395
172 86
96 438
473 284
184 475
326 23
416 500
000000001001001