500 2000
393 401
38 234
476 2
71 111
301 165
60 365
462 327
391 421
389 331
288 1
186 307
261 471
361 21
287 463
7 266
489 76
34 241
416 229
107 321
246 291
366 401
481 401
51 357
442 361
33 272
10 343
401 169
88 420
101 5
133 483
368 241
283 251
350 385
467 445
29 396
481 389
247 201
442 376
456 1
106 144
227 83
464 301
241 10
209 445
380 376
169 341
357 401
288 417
451 151
446 161
417 58
241 361
243 231
169 261
120 41
349 455
490 351
476 255
73 278
62 413
178 440
201 245
441 13
257 486
468 87
156 350
231 297
111 255
151 93
408 296
117 103
251 17
375 265
261 330
171 421
481 241
404 433
296 431
277 301
126 441
41 469
479 140
93 395
45 426
201 29
141 49
125 401
334 113
393 75
259 219
111 186
89 11
21 105
82 132
361 109
489 66
209 267
292 8
485 293
46 191
349 8
119 81
429 67
337 33
259 55
337 99
334 95
336 266
76 71
101 249
45 496
281 77
81 11
266 381
171 96
51 355
121 268
351 173
121 37
168 98
381 249
351 397
67 251
115 241
375 461
229 89
336 145
61 437
390 1
366 201
171 239
429 333
41 401
473 355
429 296
429 311
445 389
235 297
497 406
251 444
77 303
345 109
323 416
7 426
292 266
353 381
25 41
451 457
251 41
409 437
201 333
19 211
301 54
309 1
465 275
251 181
451 401
393 180
405 44
108 45
291 201
323 355
3 353
1 99
151 11
117 342
185 141
177 206
441 57
151 307
291 357
251 116
201 101
255 381
174 91
491 221
453 425
446 316
113 33
391 289
110 14
46 496
163 495
395 198
136 149
216 328
476 54
293 5
321 468
263 117
54 251
139 441
276 317
411 123
201 209
403 369
253 183
411 165
169 254
317 195
26 133
21 497
45 31
446 433
56 222
21 93
161 281
341 445
69 408
271 309
45 346
331 36
265 491
318 91
137 193
33 391
351 181
25 147
53 289
209 293
255 433
335 496
29 246
429 189
211 426
98 305
479 101
179 93
133 29
7 181
429 381
113 255
1 363
439 389
308 171
296 106
171 426
7 179
467 439
117 313
61 60
462 56
251 497
297 69
216 71
133 321
201 287
85 7
278 151
397 49
465 165
93 101
419 281
319 30
129 324
341 281
329 118
458 77
26 434
259 461
181 325
201 391
455 77
370 21
276 159
444 361
437 223
451 282
421 167
361 439
65 96
33 331
301 229
488 385
92 481
293 129
182 28
369 292
231 406
173 347
111 117
28 1
137 37
477 441
256 381
25 201
73 287
441 61
225 367
258 157
421 471
331 297
155 416
281 492
54 254
28 475
137 301
309 376
390 185
213 96
101 369
6 493
323 27
301 125
250 168
346 455
1 157
405 386
333 217
27 425
1 71
162 309
1 121
271 233
103 435
77 159
53 8
489 235
371 21
233 348
397 99
241 6
441 145
105 243
239 363
321 439
491 1
311 205
57 65
39 461
128 296
11 72
129 221
381 185
336 486
341 168
169 495
273 15
109 85
361 45
301 33
222 45
179 435
337 54
461 370
457 428
331 123
216 341
241 291
33 401
469 203
493 491
201 259
127 41
151 339
300 487
261 341
451 116
272 492
285 22
44 421
457 178
218 185
265 14
417 149
476 363
1 185
485 3
21 53
333 125
16 185
221 201
461 463
311 491
261 180
65 151
35 36
491 481
276 451
405 345
394 393
97 205
399 51
323 261
201 181
173 156
229 376
137 18
396 276
229 361
178 3
25 10
91 85
449 21
285 61
327 73
423 345
263 321
133 286
244 337
171 307
493 149
164 436
469 333
413 131
406 472
397 277
203 363
198 12
63 319
469 266
276 319
307 412
176 142
118 85
413 93
261 130
196 227
233 472
23 301
7 384
441 187
489 477
25 471
93 418
148 192
51 81
313 229
301 409
383 247
61 106
378 226
401 76
345 421
241 265
53 449
10 205
363 205
443 280
485 41
421 350
345 309
326 57
451 413
92 195
249 87
45 2
497 263
161 76
11 54
73 344
145 97
491 413
119 284
251 210
469 26
272 411
469 441
223 405
173 151
7 465
26 29
162 37
11 415
443 400
333 476
252 296
291 408
25 57
256 146
209 68
3 293
263 151
421 101
106 483
120 174
293 11
129 481
500 141
236 393
371 31
309 195
85 101
413 69
348 145
6 272
312 356
401 480
108 381
13 77
487 227
214 251
87 417
171 321
219 407
483 77
341 105
21 451
126 361
201 241
110 276
405 375
33 241
316 438
302 81
17 201
231 321
223 243
25 338
397 477
42 143
377 141
455 179
1 237
306 208
405 230
342 237
93 327
78 489
281 171
176 101
299 369
421 181
253 391
380 301
421 221
81 143
440 227
251 469
371 311
273 265
231 239
186 145
409 29
11 101
396 283
429 151
146 161
239 39
459 321
75 349
451 376
201 171
419 396
447 141
497 401
457 421
377 267
191 281
3 326
1 333
41 109
111 173
9 393
421 241
253 204
349 254
481 281
89 159
189 9
89 197
425 69
93 305
315 416
381 332
59 224
435 91
401 207
402 193
289 500
196 95
469 281
493 244
211 299
473 471
393 109
63 382
401 473
34 209
301 217
423 46
369 353
125 225
108 351
11 161
65 340
331 393
136 421
22 381
325 429
171 1
146 163
407 141
293 41
488 351
33 32
123 293
441 261
475 31
307 433
327 139
217 380
344 55
36 461
461 89
370 345
211 45
422 129
193 490
87 461
229 161
27 102
63 291
337 161
465 285
201 285
145 278
308 335
326 352
421 476
215 46
388 403
14 133
471 393
264 229
141 344
71 171
199 371
467 377
158 7
269 52
393 446
406 485
127 461
16 189
208 254
416 51
241 156
361 30
51 5
115 317
328 133
253 215
441 201
41 359
193 70
481 285
271 481
321 51
224 220
161 275
58 109
429 271
429 106
1 176
55 141
434 415
221 55
1 251
101 28
153 339
469 438
464 222
131 48
485 264
141 172
365 173
497 177
293 268
368 301
181 73
311 245
145 205
421 417
401 265
263 27
475 57
374 493
324 423
145 199
19 429
31 473
126 299
61 429
153 401
490 73
297 421
397 457
193 466
451 409
115 107
297 91
73 223
286 206
35 251
131 325
211 401
451 381
9 251
441 246
169 334
457 175
493 276
151 85
430 466
3 60
167 38
464 485
317 395
408 351
171 213
424 41
113 409
403 280
413 172
464 267
401 293
437 357
401 337
42 258
29 231
75 241
486 353
73 227
43 341
211 329
165 243
33 431
267 205
355 29
5 31
333 361
385 433
69 406
101 301
283 286
354 285
321 261
391 395
311 366
495 309
396 222
380 420
45 497
171 85
463 483
1 233
277 358
120 21
470 181
221 414
303 351
383 436
235 133
405 177
17 441
194 316
281 417
147 105
72 441
23 293
21 22
205 105
461 389
236 117
109 434
265 336
465 477
374 331
401 201
446 485
418 45
378 363
401 193
350 93
321 1
161 295
341 64
131 121
450 147
40 463
169 445
29 209
341 179
76 381
409 149
184 151
220 389
163 26
52 101
493 61
369 184
481 29
105 333
361 432
181 188
499 13
5 286
66 76
440 451
500 391
1 2
451 191
317 101
255 447
324 107
365 11
281 353
131 6
145 421
372 473
156 221
326 337
21 273
161 432
305 211
317 481
311 253
491 65
333 129
33 201
28 413
197 461
299 193
205 411
401 105
177 85
9 14
45 441
161 283
7 488
254 210
451 176
436 329
441 36
293 169
305 215
71 247
297 75
261 446
239 495
237 376
129 150
408 424
212 263
209 4
61 430
251 137
265 409
425 301
376 290
357 385
187 57
231 346
131 309
175 160
197 73
351 377
307 359
331 47
94 177
53 463
473 297
417 441
364 241
205 84
404 336
153 50
35 129
326 341
298 353
484 141
201 107
271 141
261 309
18 177
60 163
241 318
473 457
83 407
406 229
417 261
405 286
267 185
66 2
286 471
365 453
7 399
306 313
423 2
151 141
352 245
181 59
212 47
129 348
229 437
393 377
391 286
445 164
193 92
69 26
176 221
211 451
107 61
89 456
443 370
486 289
221 86
428 301
61 469
253 257
81 177
385 381
428 19
320 369
472 173
422 466
481 489
183 241
233 4
6 77
21 277
111 391
27 65
356 21
471 259
349 183
248 108
139 90
337 251
13 1
257 431
407 73
165 91
6 433
16 137
147 377
395 143
491 97
154 422
39 161
280 257
412 1
417 37
211 26
401 81
176 209
277 341
353 306
63 221
225 341
473 121
401 301
458 201
409 249
305 341
356 247
143 370
397 159
201 1
70 1
137 80
51 58
71 477
375 172
417 33
403 293
269 438
229 241
247 11
41 155
162 126
125 285
382 291
385 201
11 457
36 413
375 316
445 469
431 93
185 355
56 413
75 111
232 243
51 173
231 361
475 51
211 226
471 205
206 401
151 176
387 411
332 65
1 241
455 89
219 69
233 82
65 116
471 171
420 435
216 372
123 169
257 169
231 199
165 387
321 377
66 182
241 214
241 51
181 151
225 381
231 21
221 266
67 167
131 253
481 49
417 105
201 269
325 369
213 86
269 1
461 21
258 235
151 201
189 51
372 217
53 201
47 51
381 489
190 491
402 431
187 428
411 429
463 417
153 491
57 470
291 234
199 306
173 81
161 406
468 301
181 375
135 237
361 35
105 475
75 477
433 105
231 236
81 137
301 341
77 493
281 207
229 181
237 263
411 415
119 481
482 373
73 235
34 35
361 417
391 241
406 61
147 461
429 476
141 294
282 359
82 481
186 251
401 1
2 421
139 233
381 494
41 92
273 296
315 321
381 157
129 99
137 62
71 283
242 451
471 461
261 301
86 121
320 367
185 265
16 176
245 143
439 166
41 217
209 437
202 281
451 161
181 438
81 295
272 281
351 1
271 247
401 351
322 133
445 274
371 186
488 90
91 193
25 437
190 214
191 351
147 167
311 72
93 265
449 37
392 351
305 381
7 145
485 303
305 469
201 497
281 361
9 169
127 301
51 465
397 386
281 288
209 171
233 176
353 265
61 196
61 149
393 305
45 29
145 157
201 367
346 113
477 393
371 65
50 1
206 358
1 453
305 351
253 117
457 376
377 201
144 112
399 333
360 221
181 260
99 29
349 408
291 446
376 281
1 73
331 341
121 61
51 376
311 68
401 129
433 221
376 333
173 1
137 495
323 455
5 360
481 42
325 127
126 53
241 95
333 351
451 464
292 85
105 171
21 305
30 406
93 245
81 481
229 101
1 221
156 201
466 125
400 187
359 107
405 21
405 77
281 328
61 59
329 313
95 245
51 423
312 326
397 262
289 482
328 51
473 469
226 493
500 177
1 259
407 417
329 279
309 403
210 131
53 429
261 302
159 46
1 291
165 285
143 421
376 172
401 276
81 133
465 101
113 225
357 449
243 496
316 395
19 215
457 136
101 457
37 441
67 183
265 321
201 412
8 456
29 389
349 235
257 223
303 376
273 89
209 426
433 311
315 473
255 471
417 391
5 343
191 455
449 442
55 107
133 63
349 29
37 243
346 26
476 188
117 196
183 131
201 121
217 491
337 34
358 278
72 333
251 441
306 207
417 222
106 95
376 238
489 325
317 311
59 223
97 161
301 3
453 206
63 403
380 356
486 5
161 481
333 489
133 493
386 41
145 423
403 387
393 321
289 76
301 103
278 336
251 45
201 396
209 213
374 89
261 349
123 6
469 431
81 140
482 106
294 136
341 230
461 61
307 451
121 261
286 141
241 87
221 457
497 262
264 311
375 406
229 495
204 341
255 91
384 101
461 307
241 50
289 178
167 121
18 361
141 266
415 467
141 134
357 453
313 33
481 105
419 157
371 141
11 201
300 491
467 150
347 394
342 234
46 406
126 313
441 209
169 407
1 125
61 326
141 201
465 96
327 375
477 1
191 37
255 35
416 361
405 126
481 326
356 151
48 445
5 141
384 487
477 175
477 55
209 90
365 421
87 1
143 216
401 77
407 493
376 53
377 413
73 261
73 129
71 6
221 397
171 226
191 17
491 310
109 215
69 416
469 101
489 13
380 494
365 307
349 136
212 1
453 485
381 486
100 490
385 202
381 69
207 352
42 355
477 121
119 256
484 126
61 331
313 151
245 487
475 122
410 408
396 119
238 22
221 101
224 462
131 99
201 409
469 363
475 145
81 451
429 12
81 126
463 56
346 261
131 113
477 20
115 495
362 305
425 495
348 338
285 152
103 447
20 141
492 359
396 181
155 321
181 206
121 480
437 481
186 203
285 237
151 31
313 196
393 61
73 403
278 449
337 277
496 91
325 297
12 336
85 412
489 99
39 481
273 341
17 129
156 198
97 240
173 377
408 53
461 458
446 301
111 275
1 442
327 323
251 421
3 209
199 283
231 91
9 201
311 197
469 295
361 319
401 134
221 59
409 317
238 1
183 473
48 439
425 261
116 487
345 499
169 248
43 421
246 171
417 65
418 357
381 209
411 85
157 32
351 143
276 459
3 11
384 329
21 253
241 43
293 237
141 138
89 312
205 396
372 225
365 379
221 193
211 496
131 299
277 1
201 329
348 317
25 269
281 437
99 284
88 65
322 145
63 351
130 357
459 25
29 190
221 359
186 101
13 150
76 399
194 31
4 153
327 331
318 238
274 55
140 1
408 369
110 302
125 179
175 153
233 431
241 317
13 149
201 251
161 163
173 203
376 129
55 409
385 340
126 401
1 161
313 241
55 269
406 213
381 101
266 373
185 181
465 233
484 470
1 414
401 341
261 381
173 182
99 159
321 441
32 361
61 296
291 433
344 217
493 49
80 85
111 245
294 210
136 231
57 154
29 56
249 289
69 399
337 390
89 211
259 76
267 150
20 109
460 206
93 211
124 175
283 341
497 145
67 306
435 104
177 302
376 385
59 229
271 181
61 365
325 163
68 181
41 141
147 164
295 131
341 500
313 253
481 422
291 20
126 389
143 49
201 91
493 301
81 251
306 7
189 122
126 381
37 51
149 26
361 197
321 160
193 55
263 481
426 361
213 89
289 87
323 226
448 470
367 393
21 60
373 325
261 51
269 88
345 496
315 65
301 469
251 410
193 341
237 449
85 5
171 121
123 315
366 171
301 85
270 91
428 161
52 261
29 401
441 185
53 89
437 470
366 173
279 364
395 125
101 171
71 97
360 140
499 291
125 329
496 430
41 317
379 143
357 341
463 316
297 391
67 446
193 29
291 196
317 36
181 113
309 252
211 332
225 425
96 285
476 97
488 31
314 373
461 57
455 1
321 105
183 275
496 376
10 173
430 35
120 89
93 341
269 193
29 357
162 65
251 351
41 210
349 49
349 153
345 129
351 347
451 407
335 425
201 306
484 289
293 231
253 239
396 4
343 305
81 213
124 127
223 76
179 461
418 337
251 119
495 258
214 279
463 5
179 251
337 176
117 421
13 6
332 306
281 432
8 379
77 169
326 489
375 457
157 221
367 171
429 445
329 65
236 98
49 231
181 226
252 206
401 121
184 171
151 199
240 201
101 277
331 46
325 305
55 185
158 193
295 95
338 173
151 426
199 115
33 285
106 101
202 477
326 225
101 200
100 5
241 496
220 449
357 376
201 405
140 170
79 474
231 481
281 21
106 202
269 237
41 91
57 335
214 143
285 6
248 411
171 185
445 163
170 271
149 93
320 269
277 249
441 51
137 122
347 171
65 441
210 446
197 389
16 437
330 241
312 481
312 237
142 421
8 1
139 17
190 153
61 414
351 26
96 33
216 297
437 385
437 491
309 65
169 233
446 53
181 84
409 231
439 451
65 20
446 203
141 86
61 478
416 137
109 288
236 311
381 276
341 351
304 109
267 32
341 81
155 295
191 471
174 403
9 50
137 338
461 29
292 4
177 250
181 141
475 37
475 225
401 281
97 132
120 411
133 273
5 25
371 151
468 51
421 447
470 153
23 109
491 47
377 444
285 446
156 141
286 386
101 145
13 411
125 37
456 108
76 325
357 481
1 485
304 473
299 356
8 233
276 321
365 41
224 431
152 25
184 422
449 453
229 267
51 61
61 201
236 257
369 430
360 466
495 285
247 177
371 166
419 86
209 197
11 169
145 349
298 41
97 244
466 317
121 5
211 475
285 335
320 309
470 316
61 29
481 408
211 148
234 61
307 113
1 481
1 177
1 76
397 317
294 115
29 497
351 13
445 30
101 389
351 276
328 408
141 293
381 221
143 99
269 308
275 61
147 401
84 201
45 48
321 337
131 18
110 435
476 103
61 17
226 92
301 41
363 158
477 353
421 264
1 310
497 429
381 291
454 201
102 1
212 269
397 98
496 202
246 322
171 293
451 257
42 357
369 89
25 157
289 179
201 137
297 244
241 384
270 349
341 296
393 285
356 83
451 99
331 202
257 333
23 421
303 363
1 164
495 251
151 287
16 310
321 21
351 368
331 5
441 241
472 91
431 289
101 281
349 93
202 24
341 476
84 423
351 389
115 475
443 325
105 186
63 281
87 251
21 481
14 49
341 397
439 415
275 417
149 245
3 486
333 149
301 105
25 93
291 101
41 241
189 491
205 481
269 117
91 341
183 174
89 277
93 201
233 277
53 97
363 350
163 201
239 337
461 363
55 341
61 417
279 101
216 123
31 181
133 485
350 17
162 251
256 389
18 284
337 132
277 475
293 118
376 471
241 451
163 267
341 109
165 21
65 84
421 39
13 205
392 453
110 377
125 331
1 341
333 319
355 228
338 437
297 278
307 259
463 454
107 385
81 431
258 83
278 346
144 357
210 173
109 331
341 137
337 443
384 401
341 173
83 81
345 391
103 297
21 425
485 4
45 169
424 366
51 23
418 316
388 136
191 421
313 333
169 165
417 188
31 331
419 465
25 141
151 3
65 103
204 353
136 132
456 226
498 476
299 41
414 493
353 408
176 69
360 147
77 318
297 301
61 1
17 286
352 391
317 255
251 409
011000001100001