500 2000
461 266
65 25
301 137
243 93
241 156
143 103
285 379
271 161
486 421
429 237
41 21
421 1
445 293
394 216
44 109
285 292
289 66
89 93
361 1
145 247
241 413
226 335
26 460
292 409
489 355
79 441
355 311
125 251
81 21
281 99
160 147
181 157
168 75
23 37
321 119
62 127
26 81
304 341
42 441
491 304
103 9
125 281
327 462
396 431
453 101
275 165
381 387
81 1
316 256
110 411
212 161
385 461
451 170
78 119
81 441
281 493
486 34
391 28
39 453
199 397
281 382
227 61
353 196
266 427
157 449
141 215
391 386
9 338
475 364
196 43
409 129
57 489
353 31
481 31
251 92
185 314
401 1
161 113
45 339
493 14
192 161
17 312
143 55
193 291
269 292
369 321
1 316
393 61
404 294
197 391
327 373
26 447
497 5
129 221
181 347
319 357
197 369
307 83
419 72
176 371
1 407
231 305
309 393
451 418
206 325
323 297
385 356
432 262
373 176
1 383
173 1
121 297
337 98
273 85
437 278
61 451
251 494
135 404
341 333
239 322
291 468
425 426
445 231
81 130
480 206
188 232
435 139
365 337
239 124
283 289
337 53
57 231
117 205
277 81
225 445
496 351
85 251
229 77
156 213
173 369
141 198
471 89
65 421
411 116
55 67
211 93
254 478
169 298
301 103
219 171
101 261
111 56
129 109
203 301
89 60
182 139
41 303
132 172
245 405
465 95
105 382
201 250
21 361
191 253
91 125
133 353
197 341
376 160
469 341
115 273
226 325
65 256
326 49
207 117
441 99
391 146
258 146
206 281
251 385
241 251
426 417
73 89
134 225
411 79
373 41
426 103
105 325
89 488
89 129
51 325
351 331
413 201
97 373
301 377
114 34
345 303
407 103
471 76
481 207
498 261
461 250
227 426
251 77
409 478
61 429
381 301
317 239
351 406
261 442
271 209
452 360
245 320
225 21
99 404
37 284
465 76
106 479
500 128
210 279
469 77
201 184
291 63
367 261
71 201
486 409
241 243
397 356
481 326
193 81
301 41
276 67
135 213
479 41
191 116
255 145
376 3
301 425
236 412
6 441
138 347
446 336
397 119
341 401
165 42
457 45
287 395
229 97
366 41
33 31
487 313
105 256
433 315
326 349
98 333
79 401
289 173
346 381
337 179
348 17
11 115
14 201
165 379
216 149
465 437
289 349
333 213
441 342
161 210
293 301
153 326
245 113
467 340
166 237
25 372
112 437
146 412
487 360
427 220
453 223
239 133
478 285
161 141
235 70
17 432
421 241
164 217
276 432
4 461
241 141
184 453
203 233
173 28
289 486
481 391
251 348
207 267
231 85
230 185
90 349
321 407
385 191
17 104
288 186
397 483
289 405
149 464
119 222
250 324
426 465
171 222
123 207
443 422
165 175
233 402
465 65
135 7
174 413
95 266
174 497
425 321
326 446
449 321
211 261
471 373
441 64
394 425
135 369
197 362
297 194
151 301
19 462
108 383
468 26
411 41
301 412
201 313
365 21
381 136
369 87
277 77
9 223
273 81
469 101
185 498
297 251
321 242
60 71
204 473
51 378
93 366
143 1
165 198
113 189
319 111
1 411
449 11
21 435
417 9
256 291
463 80
417 311
495 453
387 63
126 321
205 326
439 26
61 417
69 409
311 323
126 310
161 31
403 21
397 77
149 61
1 85
201 425
271 257
399 59
496 254
177 438
126 196
65 68
373 283
345 89
173 409
351 256
261 104
133 115
1 182
141 105
73 261
83 157
381 251
229 67
205 277
137 41
292 392
445 9
381 485
129 365
266 185
136 451
345 71
460 449
111 11
6 225
61 19
451 46
157 341
133 251
441 277
271 285
93 337
365 17
349 479
171 291
290 291
225 461
31 93
246 226
7 103
405 261
33 328
295 69
81 313
175 389
237 309
259 9
293 281
126 437
201 203
51 335
81 153
362 209
1 71
396 13
233 301
41 159
241 179
19 26
490 21
271 181
341 20
161 126
29 278
309 69
52 73
21 106
456 215
166 41
7 251
1 166
101 323
422 103
213 273
165 332
174 31
469 144
84 471
306 100
276 369
249 261
211 266
41 481
254 349
151 277
373 230
21 387
198 89
287 431
301 148
241 133
251 401
202 291
201 357
232 389
465 391
103 167
453 12
329 205
248 78
273 25
72 119
486 487
45 33
436 431
88 31
421 186
18 21
296 398
53 449
289 217
97 34
29 331
165 342
30 176
281 331
239 374
485 201
122 353
457 35
200 392
413 283
21 477
451 331
69 9
440 416
484 256
421 309
176 257
141 249
51 117
87 476
351 420
425 47
235 91
151 394
54 118
317 277
218 129
237 59
337 251
321 181
157 51
107 117
170 60
304 232
147 221
117 1
1 33
221 153
485 361
5 467
137 427
151 1
201 215
311 371
323 97
62 463
331 65
216 272
113 311
480 71
81 137
205 499
29 341
219 101
390 497
81 485
183 21
405 257
5 16
241 91
341 170
473 476
239 449
381 113
472 157
453 309
474 191
445 85
71 493
172 441
193 153
229 285
297 26
205 309
156 164
205 214
221 281
385 340
201 29
164 179
365 26
9 181
315 213
376 426
422 101
453 93
81 61
378 498
336 96
141 433
265 209
64 83
452 190
161 426
377 381
283 204
81 221
209 312
31 49
173 406
77 313
83 205
245 13
241 25
485 153
473 97
120 345
351 421
101 324
441 169
14 175
52 1
1 141
193 337
235 378
135 269
101 429
499 355
457 455
293 181
291 23
215 485
327 100
128 437
427 299
391 261
241 1
293 377
397 399
126 71
233 336
137 46
131 376
309 145
365 16
25 463
456 196
301 121
42 345
369 169
327 81
176 356
413 375
51 197
413 325
421 473
309 211
380 450
289 395
425 257
481 381
442 317
436 129
431 220
309 469
87 135
387 27
289 137
301 443
203 111
359 369
177 141
41 206
194 2
117 209
363 461
161 321
110 499
297 173
216 301
243 148
269 71
291 123
357 165
97 148
498 89
471 274
9 270
433 321
366 261
136 73
78 64
251 361
487 64
193 329
254 121
475 105
99 469
206 157
56 327
357 151
215 461
367 189
101 326
227 81
3 56
393 446
156 201
217 282
269 105
258 161
465 466
321 190
135 341
31 139
289 39
257 315
274 443
1 338
133 61
321 3
429 193
73 293
383 23
111 373
21 353
25 131
191 324
120 1
205 97
265 173
267 357
337 165
403 436
1 215
275 282
51 384
491 445
63 41
326 97
311 325
81 481
23 112
470 113
157 221
369 333
263 169
313 281
251 1
46 401
333 277
301 429
301 387
1 429
145 380
309 476
265 217
321 453
376 323
189 481
487 140
73 219
309 99
320 15
493 494
359 372
143 473
21 467
429 91
337 141
233 23
457 361
101 29
409 4
87 353
401 365
97 449
231 109
221 229
141 446
324 326
277 481
415 323
431 225
384 129
253 164
133 379
189 250
1 497
229 331
165 301
497 409
487 481
457 25
259 323
316 431
489 353
125 279
18 83
379 389
471 146
137 387
121 322
323 322
303 225
455 138
461 460
161 123
232 58
20 126
121 391
121 143
58 338
363 171
371 372
221 273
312 101
237 61
191 201
126 211
189 491
346 438
306 65
241 161
321 81
233 338
305 139
43 201
461 473
230 221
242 457
297 471
355 241
452 337
216 187
160 253
351 441
337 413
141 332
428 310
339 265
209 101
111 157
285 299
75 291
126 273
41 400
357 222
373 481
469 76
180 441
273 219
240 333
214 361
227 368
257 376
5 202
256 121
91 101
318 229
375 326
1 91
121 426
169 334
414 239
161 211
297 451
409 205
109 232
487 83
449 477
55 321
411 68
351 77
401 329
303 220
65 441
161 157
201 481
9 1
461 161
433 161
51 69
246 167
399 131
179 193
393 81
36 271
231 225
55 331
285 195
339 49
301 11
86 17
7 69
425 169
327 241
225 18
371 171
141 326
190 305
219 461
105 181
251 418
265 364
365 141
330 241
417 367
46 114
78 120
83 413
41 178
1 315
31 177
369 170
149 237
20 53
293 485
201 302
315 61
93 201
491 31
498 446
131 193
137 285
460 401
50 447
341 301
429 293
361 5
217 220
421 401
485 21
356 269
87 271
264 233
459 446
233 391
101 163
41 276
185 201
73 254
26 97
1 276
89 211
33 223
417 443
226 191
297 248
438 261
165 311
358 317
52 13
106 367
211 391
221 35
17 493
262 371
485 461
434 1
163 271
111 341
461 419
340 439
497 206
161 85
426 470
487 384
326 131
227 258
446 200
159 211
201 269
121 465
321 186
6 280
7 68
53 107
137 409
229 393
346 301
217 126
361 449
41 16
50 217
397 485
209 334
341 191
297 421
185 253
349 68
403 417
441 361
57 377
359 221
441 1
81 77
87 281
147 243
197 439
126 261
124 243
215 375
255 139
231 91
173 71
71 331
225 219
191 331
227 23
396 93
481 205
457 53
426 225
37 127
253 101
149 26
373 381
495 201
251 325
401 13
74 430
153 445
366 376
381 262
126 35
45 317
273 189
415 337
409 433
175 1
123 166
440 191
146 260
128 477
242 379
376 447
416 405
451 117
13 341
379 485
125 131
41 439
427 251
284 483
323 315
151 401
219 477
216 249
447 335
321 31
197 485
241 432
29 279
281 53
101 281
361 115
343 251
145 77
153 217
421 73
253 421
201 309
21 411
139 269
226 317
221 269
177 221
192 61
266 431
381 495
412 181
374 139
273 89
74 121
112 160
66 245
66 377
21 251
341 61
461 339
471 211
76 401
381 281
126 204
254 320
236 111
458 1
249 452
409 439
500 151
397 476
85 360
356 348
73 207
193 1
486 89
401 355
186 341
440 462
140 66
316 45
366 246
312 141
476 286
261 369
383 485
179 273
321 376
461 91
461 185
96 403
458 404
450 329
260 267
380 481
377 448
157 416
165 390
28 141
369 185
1 471
481 346
339 62
244 261
130 221
441 339
121 313
281 321
181 351
93 373
7 146
26 347
471 350
37 226
491 36
107 151
111 41
436 378
117 85
476 1
71 379
162 437
285 35
73 75
9 473
305 249
441 266
76 217
429 361
371 219
436 414
57 277
301 71
169 269
37 301
258 173
59 311
443 73
198 413
289 340
283 369
311 3
11 153
61 453
129 101
35 385
381 305
309 359
407 464
394 219
21 209
319 285
329 145
323 96
382 381
186 139
315 93
146 335
433 406
348 326
425 15
145 106
158 499
81 159
475 41
200 361
317 193
12 236
491 297
81 331
189 84
267 342
327 201
391 266
497 301
366 263
233 405
321 201
393 247
165 273
29 121
15 24
357 97
313 289
373 208
351 345
46 405
200 421
456 407
147 229
65 449
482 299
433 89
187 449
245 466
441 219
201 305
373 87
427 480
441 73
441 141
250 10
219 367
408 371
485 241
121 449
236 293
151 418
453 151
218 1
361 389
416 185
22 48
465 303
497 97
155 268
101 421
107 81
105 209
401 326
89 36
276 81
213 493
101 143
93 61
413 401
51 127
396 341
302 141
66 365
422 123
365 441
419 21
255 449
264 4
181 269
409 476
87 97
85 191
248 97
267 259
478 361
194 419
1 167
241 72
441 21
401 166
471 340
389 457
293 324
177 121
41 46
371 383
228 319
485 181
251 151
318 189
465 281
206 373
326 151
253 251
399 285
93 179
299 227
221 131
58 221
117 203
23 401
433 251
186 105
433 181
403 285
177 432
361 207
401 115
420 181
195 91
495 20
306 4
276 153
207 335
445 433
255 399
133 377
437 487
483 104
111 325
181 132
172 353
111 121
59 479
197 420
202 345
85 348
170 337
73 129
244 21
471 461
174 376
139 265
108 121
329 471
457 236
40 445
305 137
276 215
441 370
452 28
489 479
191 299
79 490
27 151
219 307
330 396
433 51
71 131
247 32
411 325
351 93
1 243
425 11
264 385
346 121
336 261
277 437
61 213
399 137
332 357
212 491
46 374
256 117
283 291
7 221
416 181
386 59
131 419
69 104
257 372
91 381
191 209
108 251
461 93
95 249
161 417
455 327
153 169
411 119
75 145
292 281
149 179
163 80
467 367
419 226
451 256
500 211
361 198
481 210
194 76
403 1
450 445
11 453
141 19
267 405
365 107
73 50
52 293
337 334
41 377
101 221
411 416
394 281
221 121
270 117
357 25
321 163
121 170
1 17
5 271
157 155
482 21
425 195
41 1
155 25
471 390
247 327
253 321
325 80
484 333
473 249
413 48
89 175
281 91
267 57
193 21
185 343
323 417
145 316
45 400
171 136
145 291
203 380
211 357
245 445
41 244
350 235
152 233
225 206
85 111
47 376
341 395
273 246
67 140
472 1
159 481
329 213
13 189
11 144
28 261
229 23
198 491
269 136
85 241
211 21
40 121
433 138
341 171
217 363
381 418
31 434
1 481
245 279
149 65
395 181
306 226
416 55
73 149
465 274
213 221
355 321
393 336
333 230
285 453
141 181
16 286
298 102
351 126
323 99
495 145
121 395
375 319
131 351
223 181
44 369
347 177
152 464
143 393
269 257
355 51
265 157
305 391
381 395
240 197
189 265
83 316
343 91
390 147
54 493
469 117
285 322
133 37
376 54
49 331
365 276
481 151
355 54
95 1
101 230
85 89
251 61
181 1
328 481
255 113
219 115
337 311
97 111
139 81
271 201
113 263
315 201
395 255
459 217
56 7
411 221
151 146
235 61
361 401
139 208
33 311
11 440
151 59
374 75
301 269
21 158
1 225
39 481
383 181
401 351
234 11
217 93
261 482
449 433
45 415
257 258
59 55
310 427
177 277
149 257
166 116
359 119
391 484
230 470
16 251
396 429
401 418
152 83
16 337
117 468
421 31
158 331
75 166
385 55
91 77
366 352
469 381
11 422
309 377
397 468
329 25
245 47
3 33
309 73
445 490
341 345
25 134
221 360
65 370
21 298
475 476
31 423
26 250
81 326
7 301
281 256
106 411
186 179
247 177
285 331
69 143
105 213
26 386
475 250
391 349
411 286
129 457
358 392
225 53
241 125
73 288
445 21
215 88
369 90
496 39
89 81
179 489
161 295
72 73
147 181
461 69
495 236
379 245
309 147
177 309
303 25
471 78
209 451
251 491
137 113
446 163
385 255
254 147
77 205
82 411
91 113
475 77
145 292
429 333
194 63
1 453
233 73
293 153
279 121
381 438
26 173
209 285
284 145
150 53
277 185
308 151
251 105
349 457
497 26
22 376
341 56
51 9
5 161
451 177
137 241
51 482
210 201
242 1
175 196
443 177
301 89
171 126
9 241
143 299
472 255
177 481
49 126
278 216
137 48
265 213
99 215
341 225
161 481
363 81
345 251
353 355
321 466
163 126
421 61
331 147
281 176
126 418
25 472
401 383
369 61
489 236
464 340
391 148
209 371
395 118
240 331
451 426
91 337
57 226
487 301
483 221
273 190
295 275
353 161
81 417
26 125
464 331
323 11
249 105
245 189
481 92
457 108
73 422
76 73
444 423
455 426
329 138
58 453
361 181
62 441
93 437
437 145
411 281
415 225
297 152
181 477
455 227
13 90
384 140
133 7
149 59
369 159
349 214
361 489
219 187
439 319
238 466
251 386
361 85
369 146
138 255
101 310
159 73
399 391
255 111
176 214
11 337
194 462
196 89
192 299
173 340
487 161
301 393
203 189
416 105
201 317
393 380
329 187
203 213
458 176
329 297
121 105
405 466
3 463
67 415
481 206
425 433
111 231
357 365
164 46
316 178
55 77
264 329
33 307
481 320
481 218
301 29
141 263
431 156
13 141
367 379
331 421
116 165
500 401
198 401
381 135
381 267
59 141
356 465
185 234
371 221
301 477
156 262
41 317
29 431
141 85
271 457
101 494
301 265
33 433
211 343
482 361
191 181
91 123
269 229
39 177
81 114
49 151
229 175
15 344
110 6
334 151
29 91
409 369
301 343
225 317
426 443
151 283
221 469
356 175
249 387
111 331
296 305
194 385
341 1
170 246
405 77
77 25
183 229
331 56
199 361
484 133
414 171
163 485
292 216
229 79
425 245
339 392
324 301
111 290
147 241
133 22
219 377
121 311
357 33
61 373
317 361
497 338
94 285
77 114
250 28
444 304
327 107
331 301
123 277
281 37
311 145
481 199
125 333
257 104
291 259
21 57
29 96
413 377
133 329
498 473
101 97
307 188
341 79
456 257
223 256
431 462
317 297
421 431
320 261
245 454
261 285
471 435
83 249
345 91
285 381
381 221
407 267
336 317
102 159
27 453
156 261
82 349
65 450
432 95
45 373
197 237
102 243
58 211
397 453
236 448
41 49
80 42
291 17
279 4
489 101
157 117
149 396
95 267
481 10
129 230
201 381
451 217
175 253
241 459
61 406
108 154
71 453
9 335
393 383
194 301
331 349
170 303
136 439
216 283
370 451
251 141
410 481
391 363
413 433
336 498
239 301
211 452
113 445
1 106
240 441
365 411
300 451
409 103
201 373
472 9
21 113
496 204
74 483
181 333
476 185
205 105
436 222
127 353
377 169
373 169
279 273
200 138
431 45
359 311
346 87
177 405
321 141
55 86
2 396
405 65
183 121
36 65
427 229
441 203
276 443
289 297
21 449
317 99
151 41
145 333
397 29
195 29
437 127
465 497
295 359
205 3
213 396
133 375
15 460
51 1
201 183
279 202
156 225
285 389
246 191
314 249
118 301
451 491
47 439
286 421
252 93
270 91
293 426
357 361
330 311
72 35
17 401
198 140
238 389
489 318
477 357
38 451
146 351
451 281
340 253
361 481
31 9
450 91
61 297
221 497
329 281
97 58
431 53
281 471
121 155
334 45
277 305
300 311
181 49
21 272
308 144
231 495
26 273
310 417
352 155
118 493
299 303
335 466
166 157
357 341
51 195
129 486
113 173
31 145
188 356
276 80
429 364
465 387
357 322
41 247
331 461
496 175
358 15
000000000010001