500 2000
246 124
401 365
183 497
138 72
375 426
333 425
453 101
329 337
116 237
147 301
426 457
37 125
214 493
402 13
24 301
46 61
412 237
271 356
477 264
281 322
381 136
303 175
297 496
190 471
491 83
414 165
32 201
366 144
165 96
381 25
381 305
15 499
41 481
491 19
413 57
140 232
281 141
183 341
485 297
176 129
165 145
181 381
29 375
255 213
81 123
301 101
27 41
113 321
450 376
55 455
199 45
147 21
161 89
249 171
229 361
65 147
41 77
29 176
1 182
221 229
89 321
61 204
153 17
321 326
139 161
170 12
72 41
297 373
111 313
424 282
343 303
292 252
335 265
33 311
13 321
265 235
103 111
369 130
301 174
301 93
141 251
261 401
481 317
393 16
425 121
68 5
321 229
185 363
73 461
61 217
96 457
452 201
421 49
489 35
1 292
13 441
460 78
309 57
161 285
266 211
400 222
29 57
343 213
151 55
187 437
342 153
391 251
317 81
56 323
3 53
1 381
75 397
146 155
76 189
245 33
139 78
405 133
201 161
213 199
413 10
112 101
421 409
321 125
36 85
72 376
408 431
265 81
485 320
469 356
249 265
97 341
426 54
332 404
403 493
451 355
310 41
170 231
313 22
334 115
349 385
408 117
18 61
9 472
203 486
39 126
311 485
367 301
51 339
196 141
291 277
33 261
451 68
343 277
78 113
367 198
221 51
3 395
29 449
494 311
357 176
181 283
440 139
271 379
29 137
41 193
161 77
40 156
297 302
197 241
135 176
315 133
27 349
193 355
45 84
357 435
142 218
151 293
321 401
359 334
233 108
187 226
15 281
333 413
311 224
1 213
423 455
485 233
225 419
434 485
257 449
383 437
177 378
33 127
300 93
301 91
249 481
13 306
217 353
21 301
91 324
497 354
90 351
179 279
269 330
286 481
481 288
197 209
453 226
284 277
133 365
489 261
9 115
45 69
253 34
57 308
185 345
1 6
257 77
333 169
1 435
225 201
153 273
95 277
331 229
475 190
449 365
442 297
85 73
368 361
347 445
161 187
221 73
361 351
408 256
123 197
418 255
49 47
7 336
301 51
342 271
427 474
49 135
145 322
217 152
342 390
361 209
417 162
81 389
189 401
126 324
364 132
41 124
487 216
161 461
228 487
473 434
161 41
392 447
1 229
465 241
29 301
130 376
339 172
265 341
9 401
96 20
237 155
225 153
212 165
409 449
441 21
437 23
194 486
245 9
101 145
497 387
382 1
451 254
151 429
260 68
496 318
457 293
113 209
73 201
454 316
13 161
321 381
247 86
412 53
477 266
161 443
271 7
473 443
477 241
429 53
476 465
444 207
131 51
432 221
266 54
249 113
317 21
139 181
69 309
441 193
301 221
289 473
7 466
47 421
437 455
331 407
153 13
168 238
355 248
251 239
111 201
381 69
421 157
321 121
71 177
315 69
6 185
5 21
435 268
61 191
331 459
325 227
231 358
247 108
258 97
369 221
205 125
65 437
420 106
456 451
113 313
149 150
108 41
441 318
1 470
441 213
474 118
80 281
4 421
341 27
53 286
38 195
293 444
133 397
393 21
161 477
81 441
446 465
53 229
421 81
491 238
355 151
29 333
131 9
497 176
201 159
447 57
411 379
121 296
133 353
151 329
421 132
271 441
54 11
145 336
341 83
446 181
441 33
310 369
113 381
125 486
433 361
181 104
80 105
81 385
147 493
471 160
221 275
459 351
241 404
375 314
434 101
251 411
198 21
1 241
247 460
437 81
111 251
143 303
457 365
171 407
71 418
101 59
194 57
11 18
477 88
281 301
332 205
251 362
147 95
1 345
311 1
220 337
410 305
401 11
397 225
205 461
13 96
451 377
57 119
161 253
51 117
296 446
496 432
218 337
409 21
460 105
65 137
463 199
253 491
226 167
198 441
358 136
1 270
135 451
19 188
341 30
295 331
273 201
253 1
346 79
469 5
149 305
341 276
460 181
286 197
219 211
30 491
182 448
292 326
458 61
486 243
49 249
451 119
213 146
364 121
36 428
446 357
334 145
311 196
195 393
333 331
330 101
83 468
211 48
273 251
260 345
101 229
475 191
427 385
26 41
75 135
223 466
41 333
139 152
271 438
152 49
44 331
164 273
173 1
109 157
468 244
181 1
88 259
459 296
391 422
27 139
159 221
61 445
51 57
322 339
169 79
255 241
68 200
471 256
486 225
341 464
92 221
491 157
468 201
25 301
233 161
369 381
332 357
91 241
303 144
489 287
17 353
293 275
443 437
234 451
256 241
409 191
121 183
228 263
441 185
291 21
311 461
10 365
415 217
240 281
205 221
241 37
421 241
317 151
131 139
376 7
379 220
33 499
221 251
97 477
223 417
457 71
119 258
245 191
135 269
61 485
45 361
3 58
192 105
26 251
359 195
126 49
303 315
249 304
186 127
305 289
71 197
45 232
189 249
209 433
269 185
396 17
223 197
161 432
338 323
66 267
347 443
431 1
456 9
361 173
379 114
26 409
43 388
89 141
51 189
421 425
443 489
344 293
184 197
89 101
226 107
121 389
133 329
321 413
175 391
291 369
49 397
251 9
400 467
483 471
481 165
21 341
493 382
26 200
169 441
401 214
180 336
183 306
91 133
64 41
369 283
449 2
336 122
403 357
436 51
385 283
260 56
166 158
177 371
317 269
417 277
71 385
294 401
93 81
435 231
430 472
497 472
137 45
231 471
5 77
431 89
348 65
371 45
251 420
171 196
176 269
23 160
240 41
273 481
13 109
288 465
400 293
467 148
318 197
281 433
37 369
461 400
211 267
335 94
332 119
41 251
416 326
401 222
238 181
215 482
427 426
54 346
475 428
481 281
288 61
406 377
471 302
41 82
97 63
172 470
479 321
277 241
345 489
494 465
148 403
471 217
101 151
137 376
163 327
357 317
144 141
391 141
137 333
413 328
449 111
401 477
229 283
207 142
418 281
426 429
217 57
463 401
113 465
313 73
401 32
124 438
184 223
457 231
392 331
101 361
251 281
343 253
181 349
262 28
351 476
381 255
299 210
143 469
409 171
111 329
77 126
398 329
229 175
101 254
179 354
279 342
136 469
182 244
117 469
37 33
233 87
149 181
73 113
373 27
355 461
186 377
401 247
73 5
478 405
251 487
101 136
367 220
77 485
301 376
109 289
323 177
289 81
73 1
99 225
287 256
476 111
301 491
425 246
209 235
335 489
493 293
296 369
71 463
387 11
320 226
319 49
316 77
287 475
6 275
431 193
61 498
415 81
269 125
86 361
465 201
194 135
414 201
253 473
425 336
7 53
327 269
331 126
210 147
83 352
406 159
423 331
131 61
111 337
128 64
56 205
341 261
242 66
321 155
2 176
167 181
428 387
281 305
26 259
411 126
263 281
81 21
424 209
453 21
221 271
476 274
281 264
31 379
116 91
371 487
411 125
485 157
443 421
277 29
295 355
416 47
376 64
399 51
71 293
201 340
101 305
405 441
373 256
228 450
45 201
291 165
499 333
481 411
336 124
408 345
237 241
424 201
221 313
427 29
21 68
91 228
49 41
143 465
465 129
251 439
463 251
121 100
213 23
460 337
433 387
291 77
70 36
217 345
229 291
441 141
455 377
171 314
161 391
129 45
1 331
1 129
406 93
181 288
348 263
216 277
365 411
255 118
33 494
421 5
41 54
407 469
49 321
376 437
101 241
49 424
376 218
101 3
189 144
161 121
305 391
25 355
21 107
75 148
313 486
496 33
377 249
217 326
401 407
105 101
441 27
263 65
1 77
105 226
245 343
350 198
368 186
481 151
164 309
265 381
365 115
404 201
201 285
105 301
441 361
301 251
359 181
141 14
93 37
421 161
313 291
475 333
201 226
385 493
479 77
287 221
426 326
358 41
62 136
435 326
221 173
251 271
498 485
11 17
31 291
45 104
421 195
27 467
421 29
477 131
1 423
498 243
97 141
9 381
21 156
479 463
327 289
496 85
3 389
433 403
484 387
277 21
2 413
243 328
135 455
201 233
326 181
145 289
206 426
236 447
189 426
381 167
401 397
366 113
387 379
141 379
422 145
383 393
163 349
221 97
465 429
420 417
221 461
101 181
273 363
353 491
117 201
113 267
476 471
389 271
227 151
395 194
129 106
121 471
193 207
367 141
394 136
59 465
41 441
225 462
285 379
211 453
370 242
421 261
153 401
458 451
177 468
275 231
480 161
201 317
51 233
115 352
149 297
400 196
371 401
141 149
33 237
261 229
173 340
29 283
335 221
417 224
9 265
416 306
201 356
496 164
257 253
289 436
357 241
337 447
321 444
281 278
125 161
336 11
341 256
441 85
219 167
65 205
357 197
49 276
281 133
148 57
237 200
457 263
421 57
74 169
5 413
281 125
99 59
175 15
433 117
101 470
217 333
181 105
461 381
85 132
418 246
138 321
397 5
321 273
154 114
251 307
163 261
161 151
351 128
60 277
431 486
241 230
374 430
323 408
392 73
369 217
220 365
291 430
433 411
454 61
249 389
219 209
423 91
90 157
332 226
341 325
351 157
409 49
66 491
340 385
91 481
281 387
338 263
145 87
101 208
203 171
338 401
461 214
280 369
11 285
101 203
113 40
385 325
477 405
363 499
193 323
41 465
167 71
105 71
377 364
477 497
473 181
8 437
189 381
77 169
360 305
415 457
421 265
460 361
136 145
476 341
436 1
287 365
401 473
76 56
7 131
33 79
17 245
371 91
421 231
371 272
207 81
93 47
45 221
86 31
45 61
263 173
261 319
117 241
197 217
377 301
89 191
170 347
281 130
157 161
397 316
481 149
451 96
215 169
42 201
229 279
414 213
107 353
165 331
61 253
305 28
266 455
136 166
169 381
86 46
82 91
493 189
11 437
321 67
411 265
161 81
61 473
401 73
232 309
23 125
271 459
361 248
492 61
401 41
437 183
371 33
244 133
131 215
341 119
319 497
317 445
16 80
16 197
23 51
451 330
415 101
273 365
481 269
405 15
116 305
151 341
471 126
195 49
25 93
490 97
485 301
401 93
51 237
221 161
201 121
101 197
407 397
49 253
446 76
288 229
102 152
351 101
323 265
453 451
453 448
437 113
113 139
269 71
188 304
209 481
311 4
127 211
435 173
317 57
251 318
73 281
141 493
376 181
355 453
266 65
473 381
333 305
237 205
411 326
51 431
289 31
31 361
248 119
245 251
463 457
441 413
201 87
436 281
381 161
95 180
481 346
377 150
69 473
425 203
385 1
361 117
92 127
383 233
429 359
480 277
21 141
143 451
201 471
429 57
42 273
405 465
1 233
230 21
499 347
493 39
247 179
422 207
151 306
211 233
145 293
212 201
190 390
331 492
41 324
51 486
311 451
417 51
274 127
53 166
293 161
99 141
453 69
446 231
290 99
323 173
487 272
189 423
126 311
25 241
475 13
57 137
91 429
203 211
287 53
65 145
329 117
36 176
401 369
149 58
196 37
83 225
471 96
76 293
319 297
251 491
141 100
89 317
243 149
351 225
475 254
190 1
297 46
397 336
369 272
413 25
1 49
389 301
195 81
181 489
411 226
141 181
101 127
488 125
137 478
233 296
191 189
378 193
335 301
31 61
321 87
326 401
1 325
1 257
340 468
298 189
183 401
1 198
391 250
265 471
269 196
221 346
445 1
386 473
380 48
356 301
267 468
409 192
129 101
266 192
51 65
317 376
296 435
277 145
451 477
148 81
465 178
191 381
383 257
123 119
139 260
23 329
275 326
120 93
44 253
460 227
110 201
475 121
210 59
301 89
301 140
269 25
151 215
209 251
461 324
463 433
409 156
435 69
402 485
451 21
155 21
149 153
271 49
491 394
123 181
456 353
441 337
10 407
286 412
486 219
29 89
55 499
217 196
285 351
17 21
289 151
463 421
425 453
40 366
217 117
353 376
317 496
321 101
209 128
396 21
373 331
296 477
475 165
395 414
413 145
231 383
269 3
371 49
137 298
429 333
189 65
301 243
271 115
293 16
301 31
161 409
1 214
53 1
290 106
249 107
97 416
368 304
31 417
201 261
101 312
263 301
9 81
69 93
285 399
199 421
421 388
457 456
269 349
415 207
206 267
305 253
203 213
251 205
134 313
277 83
134 1
332 124
13 384
467 473
63 469
109 494
336 312
323 187
149 381
90 385
197 251
223 111
361 34
65 341
441 411
217 301
336 15
141 221
69 161
337 4
211 405
278 265
54 384
437 431
461 117
161 53
21 197
201 301
496 301
21 309
347 351
493 431
111 361
277 51
353 228
409 473
151 431
25 457
182 113
67 325
181 207
381 303
86 356
281 217
261 61
311 243
197 5
477 8
209 417
41 355
128 297
209 13
497 421
173 281
49 185
238 75
210 405
62 73
242 433
301 46
163 319
297 95
187 401
321 416
191 188
117 85
425 307
136 369
437 465
341 132
401 181
352 259
481 439
1 50
212 342
285 53
287 153
61 148
453 412
433 370
293 129
155 185
492 357
132 446
351 161
11 31
303 311
272 445
82 328
133 352
259 209
353 269
45 402
257 36
483 89
23 73
49 75
116 5
25 346
298 419
339 9
461 81
411 497
227 337
259 141
458 170
186 427
147 461
89 373
371 180
5 305
365 285
378 293
65 350
417 118
389 477
493 286
191 66
275 298
461 236
341 61
170 289
240 85
234 401
241 321
369 286
377 481
377 312
161 311
394 340
331 367
321 308
161 57
273 341
155 221
91 97
376 396
233 345
307 341
25 328
230 191
130 109
1 483
117 162
177 56
325 395
12 391
301 441
150 464
467 140
342 157
393 365
401 301
156 387
21 331
293 243
137 50
151 123
2 121
133 409
265 325
305 425
251 139
467 127
456 268
123 286
125 465
269 401
1 189
221 107
489 221
409 37
291 374
51 186
199 93
349 492
467 111
298 195
437 313
397 391
483 319
394 185
281 201
417 46
273 346
281 101
471 89
221 213
131 101
366 26
451 393
243 351
264 21
88 48
76 270
403 336
326 347
21 121
321 45
211 89
344 237
181 142
193 61
369 463
129 352
362 477
437 91
429 237
479 206
406 23
130 41
157 287
448 441
69 125
356 171
11 457
427 193
380 481
67 99
213 259
210 281
89 413
343 412
421 193
181 405
428 141
77 433
219 121
345 69
429 113
485 461
445 409
18 307
496 305
161 55
66 13
68 25
425 253
477 315
251 373
329 207
281 421
85 169
181 277
337 249
251 292
187 297
433 51
237 261
193 151
16 131
347 383
351 469
5 323
50 47
196 253
29 74
387 265
38 161
247 347
301 340
162 268
167 301
395 285
333 116
155 275
357 309
279 401
355 101
357 371
276 465
355 357
23 274
145 364
61 363
191 141
453 5
350 81
45 21
453 467
341 126
281 91
60 151
326 87
389 349
71 394
353 65
481 232
425 86
93 97
49 441
213 337
217 46
425 192
357 146
1 314
146 275
457 191
116 361
20 80
165 182
461 491
281 431
285 149
428 213
421 470
388 116
285 229
211 206
484 37
10 101
485 94
423 110
13 151
209 419
3 24
487 351
37 293
362 465
43 403
301 313
53 289
441 62
351 17
421 257
45 136
301 3
273 301
345 273
251 17
251 136
261 75
101 417
63 38
69 265
451 137
198 301
117 107
300 301
481 61
141 421
141 426
469 226
79 327
476 413
102 378
364 366
29 202
257 353
401 454
369 137
356 498
61 77
49 95
14 242
161 227
221 177
427 431
201 184
285 96
256 445
473 337
437 24
17 441
21 215
108 161
354 276
225 199
129 313
429 169
86 121
189 100
285 203
130 351
333 226
341 229
143 37
60 441
191 281
229 340
97 447
200 66
401 54
30 331
382 233
445 141
111 246
281 394
102 229
17 331
389 251
321 231
321 245
126 185
481 178
329 253
223 356
129 327
425 137
355 390
165 226
146 377
21 375
51 185
282 260
257 231
341 269
357 81
256 251
193 471
165 232
385 176
77 476
485 205
404 131
499 449
279 341
493 448
141 355
218 313
411 252
350 269
397 386
405 93
470 483
368 83
31 386
132 206
17 427
361 370
401 348
95 67
125 421
295 500
423 401
482 89
57 437
361 207
424 408
284 155
76 1
457 221
415 205
465 155
349 493
353 129
176 393
405 42
244 58
131 13
105 249
427 361
54 335
115 385
441 357
306 485
23 180
97 281
335 61
285 133
107 271
93 221
257 476
287 57
409 451
21 232
400 114
351 66
373 69
300 67
233 241
301 404
83 490
401 257
303 61
433 26
55 417
337 426
427 486
205 96
269 251
245 363
197 369
151 425
192 45
399 311
321 157
202 394
361 311
41 201
221 379
309 325
1 371
301 321
476 239
167 275
12 483
394 221
277 256
397 399
290 217
280 217
421 431
461 26
461 102
123 310
377 262
145 174
177 73
497 41
14 417
258 236
397 109
150 281
391 229
186 101
328 77
296 321
273 376
75 141
354 121
100 138
407 142
43 123
486 436
377 337
416 461
310 329
85 345
79 32
26 386
452 80
385 84
201 487
65 199
455 92
321 1
193 304
433 221
206 245
409 196
109 229
353 183
301 99
437 266
171 371
36 128
361 71
415 241
229 199
477 381
58 271
366 189
29 230
45 159
305 409
184 236
75 331
74 141
366 172
351 61
309 317
81 497
415 206
351 356
250 229
381 454
108 443
92 241
433 101
490 51
62 201
374 221
341 191
153 361
493 476
206 142
119 303
376 55
233 451
115 221
399 87
445 497
452 210
115 331
201 207
161 219
256 205
313 79
76 116
101 337
417 421
491 337
15 279
57 341
41 405
477 469
434 380
251 341
173 421
467 451
381 49
297 449
141 140
301 179
460 493
97 45
7 421
342 431
42 190
317 341
221 349
271 1
151 46
1 201
16 218
205 179
80 433
233 421
226 458
23 65
313 325
412 219
310 451
439 216
439 53
213 185
351 81
266 86
193 141
229 127
181 351
485 277
23 246
302 81
477 475
00001010100001000001