500 2000
269 311
237 207
140 71
133 31
416 257
172 401
281 187
338 79
227 151
3 151
337 241
477 189
93 125
303 113
181 385
251 193
201 171
410 422
415 445
243 466
221 439
224 62
365 58
311 401
437 442
37 35
462 1
441 179
105 242
481 179
461 113
193 156
419 465
216 187
421 156
481 345
433 101
419 286
212 245
469 37
141 419
301 27
171 145
149 148
353 213
205 320
1 263
158 247
361 317
247 1
405 333
6 274
269 217
441 342
429 493
129 189
461 394
401 381
68 11
405 201
321 376
49 366
4 227
49 1
265 336
81 136
70 323
161 413
421 407
17 380
301 481
321 471
337 76
126 139
161 291
450 117
379 59
216 225
353 291
251 21
381 225
51 361
394 387
351 333
138 105
313 421
41 265
411 369
245 457
57 255
282 67
277 125
197 19
401 75
439 5
471 196
146 412
181 97
386 26
121 54
499 381
145 194
489 130
149 376
57 21
449 451
221 401
323 475
177 403
8 9
499 226
309 106
392 24
409 233
433 467
401 33
415 265
229 338
74 469
415 107
261 321
175 231
459 1
116 221
41 298
413 105
361 266
65 336
430 25
450 141
34 1
357 211
462 229
179 63
381 251
381 460
226 492
136 355
341 181
381 127
174 251
486 161
253 205
63 184
267 4
101 19
329 63
130 265
7 372
25 85
413 18
141 223
227 251
361 41
125 485
161 167
125 445
131 461
491 181
1 61
45 129
1 187
53 141
69 197
265 197
251 281
176 381
361 134
179 299
3 187
321 479
201 196
89 106
231 301
129 178
301 101
461 134
165 317
287 369
190 125
79 53
89 201
224 61
301 249
413 393
486 174
151 468
161 121
141 5
281 182
19 172
241 306
341 409
291 305
21 481
491 229
281 378
149 69
463 464
251 188
120 401
280 97
465 495
27 15
499 476
149 426
90 177
365 5
289 477
339 184
305 265
361 313
435 350
201 133
274 172
59 381
379 498
66 282
300 348
425 326
455 241
365 321
197 492
263 171
57 453
52 283
147 169
163 409
83 371
236 401
86 55
113 31
89 268
304 416
139 433
286 233
301 475
193 395
295 332
231 129
279 1
335 333
91 116
441 469
229 65
233 1
499 359
73 384
393 354
405 235
246 243
135 305
278 446
149 126
17 497
411 170
303 261
229 477
401 267
245 115
341 79
432 377
121 389
376 457
26 313
393 414
281 306
276 235
11 29
373 301
165 457
113 381
407 377
21 361
450 301
77 451
231 173
265 133
453 50
459 81
49 267
319 335
276 201
112 109
295 366
299 461
447 189
331 381
249 482
428 479
95 253
261 176
97 145
206 278
431 116
429 446
181 201
27 344
101 442
287 299
6 458
336 256
41 55
163 29
425 270
323 85
137 13
431 258
405 363
421 359
181 241
385 445
316 29
1 301
354 447
213 247
491 5
361 447
149 121
296 181
37 67
221 282
449 181
256 116
92 127
317 73
310 365
475 226
309 347
237 1
401 64
85 125
137 153
456 93
235 142
224 9
101 137
409 311
35 481
404 351
409 261
268 41
284 181
353 72
196 1
276 229
131 210
423 347
173 491
137 131
389 61
146 248
453 482
29 465
477 20
321 286
203 230
156 294
384 491
91 325
330 71
135 121
199 61
304 440
117 257
169 127
381 49
53 189
181 393
469 181
376 429
109 405
1 229
253 23
471 289
254 445
28 105
196 33
385 151
227 126
46 429
117 101
163 253
283 151
327 165
241 229
295 47
213 465
97 483
311 101
111 372
469 197
287 301
493 409
113 309
17 203
96 231
154 473
413 285
213 81
197 89
191 102
180 399
358 1
113 191
17 270
76 425
257 116
181 135
415 1
161 25
401 451
43 413
61 201
437 101
229 305
97 306
460 459
79 76
37 401
213 118
86 349
24 161
87 321
471 301
455 261
398 301
255 213
85 113
285 107
228 436
341 298
263 318
176 77
136 395
114 449
217 135
441 94
14 41
197 357
207 111
289 327
456 236
350 295
289 185
124 105
292 221
226 337
61 19
269 462
193 164
327 115
344 251
161 137
293 40
441 305
492 454
176 53
356 409
116 18
426 317
101 392
101 25
221 446
171 256
411 13
415 496
471 433
19 205
369 301
351 445
386 271
13 360
121 21
289 214
32 321
149 190
413 453
331 115
109 375
496 191
105 65
61 131
451 353
161 421
156 490
325 421
341 96
9 333
215 91
297 389
18 251
322 49
121 32
419 411
485 177
373 371
211 421
3 296
125 497
491 217
372 191
193 200
497 159
448 205
41 176
1 326
240 423
67 422
26 368
495 338
55 471
5 335
1 348
261 18
16 443
161 9
465 245
353 45
306 349
185 61
321 349
189 449
332 421
348 221
131 454
299 292
381 383
368 75
301 69
433 396
249 133
473 293
60 326
320 286
205 240
421 351
130 154
485 157
65 323
297 73
413 65
231 381
282 327
41 155
446 375
423 345
335 429
145 189
205 119
201 241
11 326
400 376
386 216
277 261
353 126
210 261
251 71
291 336
447 171
1 289
196 296
69 185
201 26
116 99
175 439
121 115
1 201
331 453
116 304
37 185
37 52
141 81
217 397
165 221
417 101
485 131
423 295
443 321
207 76
181 169
201 53
429 463
321 379
37 251
102 258
55 17
297 433
251 65
271 171
413 488
177 241
301 17
249 376
230 345
481 181
360 386
461 177
407 358
61 466
483 53
296 14
281 209
221 351
29 255
480 21
447 76
309 17
267 409
361 211
229 286
81 183
397 197
363 161
117 112
137 421
81 145
329 231
315 309
477 321
255 234
41 452
237 161
421 177
181 295
251 341
141 40
48 167
251 64
113 493
213 136
281 131
234 280
33 305
89 145
462 81
12 331
318 416
467 57
394 297
239 19
371 478
183 41
19 206
376 381
273 81
209 6
437 273
333 101
309 239
221 341
390 421
79 268
431 276
295 49
186 65
455 407
37 345
157 371
399 33
113 481
410 235
409 129
365 360
269 281
230 216
214 263
227 324
169 461
381 101
259 197
203 181
3 1
470 13
121 144
421 349
281 236
363 287
392 189
425 96
41 469
266 39
429 245
19 341
95 53
231 437
56 200
221 385
325 81
25 301
126 416
305 161
469 325
1 171
321 189
329 41
429 337
169 221
281 383
1 297
457 31
95 361
449 441
246 380
430 240
33 257
105 43
233 46
253 111
83 381
239 374
129 426
480 185
96 413
105 486
121 197
361 291
293 320
365 163
441 453
341 480
309 126
195 13
42 456
49 363
18 381
338 41
355 486
359 65
445 248
455 69
269 211
293 365
253 391
251 301
93 46
289 364
161 81
397 437
179 73
482 359
69 16
101 105
161 188
11 434
255 451
485 261
114 145
25 9
446 171
321 156
86 165
435 286
421 480
229 181
281 479
341 344
434 331
101 140
467 157
122 335
156 266
422 285
111 317
134 3
235 73
182 345
317 286
269 251
214 475
477 85
6 231
137 74
336 273
409 185
31 325
446 212
127 229
373 351
213 185
189 155
482 300
17 304
139 237
149 341
105 111
389 257
241 385
142 45
253 461
333 451
345 43
107 254
166 219
414 81
355 79
161 197
376 97
329 418
277 41
219 141
118 228
161 251
17 464
441 89
83 461
309 179
246 49
245 118
4 61
297 401
177 141
263 299
361 261
486 169
236 325
20 219
59 91
484 473
207 52
196 423
69 133
147 59
257 250
93 280
429 171
35 408
220 55
332 239
265 239
165 141
313 441
363 221
89 249
148 65
111 445
111 399
465 386
373 49
49 485
251 261
46 406
61 262
181 149
6 484
486 286
491 109
281 79
293 121
493 250
237 302
219 269
7 239
227 183
409 121
253 178
215 158
161 437
401 371
123 333
251 273
154 283
151 301
453 55
486 315
111 433
35 309
154 361
189 493
253 186
341 47
47 197
392 259
275 189
309 169
253 45
245 250
429 216
431 117
435 8
495 267
101 296
333 379
296 494
12 385
57 465
371 304
445 213
421 345
249 327
1 231
316 402
401 166
53 191
401 51
57 197
57 288
491 151
150 61
130 97
135 221
311 79
41 117
86 453
254 281
333 195
367 21
481 191
461 1
425 374
125 444
241 497
301 276
473 408
363 324
345 59
51 321
481 384
186 357
261 301
197 367
191 133
273 337
446 321
151 139
73 131
449 381
51 53
441 409
273 201
191 377
461 435
336 295
236 121
286 11
291 233
131 353
18 16
184 221
131 356
393 411
351 308
451 411
57 241
281 60
22 341
9 226
53 289
370 346
481 498
107 376
301 421
124 384
397 442
426 69
308 405
45 466
203 5
465 209
105 457
358 454
302 189
481 136
129 78
471 324
401 394
23 189
51 386
485 95
189 176
36 185
13 201
153 148
177 289
476 290
423 277
298 6
473 209
487 231
176 109
489 101
213 25
54 372
389 241
421 341
101 391
213 53
41 251
241 77
139 283
399 131
421 21
6 370
369 216
117 471
196 463
346 468
161 495
157 327
273 401
373 61
26 381
249 106
164 274
1 46
435 499
116 160
365 11
211 261
13 165
295 397
487 499
351 8
429 417
361 479
61 353
328 399
270 431
1 181
193 451
161 221
221 465
319 125
301 105
25 126
455 233
495 366
257 301
453 185
413 181
323 201
341 8
490 185
201 377
25 407
39 115
393 9
329 426
490 410
215 45
291 77
331 272
390 28
63 137
53 380
381 174
249 56
126 16
406 154
190 1
201 305
326 241
47 461
496 277
239 413
301 7
188 217
211 450
205 179
487 82
267 255
1 217
380 467
115 371
227 429
45 13
321 145
77 179
411 337
101 141
433 315
192 331
262 495
76 451
45 169
445 348
335 391
420 126
214 189
425 418
271 21
81 181
47 321
256 281
334 77
371 165
212 483
358 465
121 170
441 91
396 393
112 481
281 156
86 29
378 356
287 25
181 285
101 169
476 291
184 17
69 51
53 217
1 404
321 366
281 222
173 243
275 214
277 289
309 389
67 128
173 269
289 122
272 376
7 264
321 111
149 369
301 145
86 265
371 436
65 53
237 351
269 409
351 89
415 410
253 403
59 301
197 495
165 179
22 126
221 187
263 331
265 293
305 358
143 61
488 253
306 29
275 127
301 92
272 273
122 256
443 386
341 361
488 123
70 81
313 411
277 290
63 171
496 373
245 377
193 429
225 195
307 356
225 451
389 54
428 125
96 1
121 113
377 63
317 243
483 224
103 81
366 252
121 213
433 189
351 111
131 301
131 367
246 297
289 148
475 193
173 169
443 317
337 329
63 294
129 235
284 76
260 3
265 166
463 265
131 5
247 426
467 341
51 461
291 333
111 283
293 245
469 115
75 139
326 401
428 69
209 337
21 381
440 287
434 121
427 428
305 387
191 433
245 85
345 313
230 262
437 139
373 321
7 305
467 231
5 269
33 417
242 113
166 361
401 55
2 26
337 68
91 317
109 312
477 297
485 247
231 363
114 111
103 125
172 404
289 255
45 486
292 429
54 331
21 414
277 64
26 53
334 369
170 417
392 225
158 101
377 119
106 138
435 15
133 109
411 1
347 306
149 321
476 173
118 277
106 312
29 401
166 61
83 313
277 368
425 431
149 101
34 165
356 192
177 283
380 21
401 309
393 466
87 421
194 308
189 51
226 329
97 347
195 169
481 445
94 221
267 293
259 391
384 206
360 301
281 417
251 433
275 256
100 373
337 191
31 367
186 262
442 162
15 407
301 177
53 93
275 109
35 389
336 71
337 109
469 467
161 133
265 36
389 89
276 41
77 408
143 429
485 65
131 401
157 197
13 364
296 1
153 141
81 452
17 433
97 389
161 139
1 339
258 285
393 311
445 411
229 173
115 341
401 41
430 491
249 67
12 101
286 481
101 221
261 403
235 109
207 61
465 341
58 171
215 375
221 1
91 461
81 437
205 211
193 227
283 101
101 375
288 304
1 105
41 348
122 141
305 271
118 398
241 40
2 53
493 179
499 349
258 465
44 51
181 246
3 439
136 241
133 486
413 473
13 401
409 251
53 298
441 137
351 489
441 339
43 278
253 210
1 117
81 105
481 217
479 117
386 261
11 317
401 137
361 167
305 283
181 403
36 26
295 337
373 67
245 101
451 355
31 320
483 221
97 444
443 339
485 109
381 281
217 346
493 77
137 373
185 381
465 325
125 101
87 81
233 240
251 139
245 196
289 186
311 341
270 303
177 332
320 327
339 356
26 345
281 193
369 141
393 399
167 305
131 201
151 101
449 7
41 233
171 288
440 217
53 237
41 68
379 453
446 396
282 40
205 13
336 48
331 451
55 481
417 315
161 253
349 248
489 253
201 141
365 111
336 61
56 41
109 121
153 341
158 31
9 45
304 197
103 202
101 465
111 319
413 179
135 461
444 116
47 4
82 149
481 433
181 107
88 333
465 305
109 293
81 253
115 267
466 239
345 441
182 346
424 189
298 281
107 455
80 469
357 425
366 11
149 433
192 221
274 401
241 301
481 495
41 429
206 41
182 83
273 469
187 335
377 356
97 341
117 161
149 186
411 493
31 397
26 168
346 206
138 25
434 261
393 421
474 443
381 431
141 1
1 465
411 203
211 71
447 475
465 225
101 209
150 268
49 285
181 346
61 441
283 373
267 39
377 216
496 269
341 269
269 453
292 137
266 253
281 215
287 175
385 126
46 157
281 101
370 241
27 404
261 97
99 351
217 176
308 474
402 497
271 361
453 251
381 246
351 141
377 301
491 481
437 77
321 445
353 255
9 31
206 161
109 311
99 76
485 311
66 266
452 309
16 445
104 134
52 61
275 219
393 171
211 496
35 74
51 476
495 371
301 166
483 331
185 488
61 236
21 284
199 499
122 259
189 151
307 471
491 350
385 261
30 131
222 101
455 76
281 324
65 213
197 407
107 109
226 347
211 365
415 208
169 457
357 111
301 493
437 376
162 351
476 133
225 163
401 149
377 294
186 29
86 485
413 45
338 275
392 416
301 405
385 65
61 241
38 123
158 409
196 56
65 337
305 437
326 205
51 354
361 35
121 468
497 301
36 465
145 315
375 159
121 496
461 393
441 180
213 412
166 351
386 48
165 261
73 415
61 409
199 301
379 1
430 169
350 328
451 57
341 303
361 436
241 471
472 466
495 190
37 188
46 447
241 183
439 365
150 356
193 105
190 196
214 207
93 60
477 207
17 259
81 85
120 320
352 45
493 482
426 121
201 281
9 489
347 225
436 149
367 147
36 151
256 225
261 13
351 261
200 280
381 455
301 355
73 392
11 206
469 125
461 201
145 15
121 305
131 221
81 288
245 427
289 383
257 92
361 83
302 44
492 407
323 449
312 227
241 43
115 241
213 83
335 311
391 216
486 141
430 391
187 231
51 11
297 247
333 448
61 62
157 376
85 257
213 5
153 165
40 106
487 324
316 17
179 415
423 456
256 421
336 101
87 301
484 481
327 426
305 301
273 341
436 489
246 17
361 121
199 50
243 217
103 291
221 11
91 349
223 278
240 452
373 75
461 153
413 56
370 179
81 113
488 87
57 69
389 168
357 27
101 471
153 326
285 202
139 311
81 336
377 213
106 275
41 101
164 494
41 85
349 176
292 486
277 364
263 276
377 61
401 441
130 1
159 380
349 207
325 111
61 123
346 389
173 283
31 469
39 369
85 401
205 449
182 245
401 457
477 134
69 461
297 132
214 285
480 476
331 165
361 241
246 41
225 12
336 483
56 229
122 484
341 407
457 81
486 177
165 309
17 473
427 121
273 199
221 266
225 219
341 58
200 465
59 179
124 341
481 462
361 256
450 3
485 361
167 369
239 343
181 166
285 45
97 477
11 485
289 71
151 97
348 207
448 359
146 125
185 221
185 377
271 201
455 389
425 449
316 49
27 69
86 235
95 81
277 169
84 141
346 249
11 447
361 198
69 287
261 130
329 9
481 435
9 11
247 493
471 493
337 196
402 57
321 66
193 423
298 99
230 337
5 317
443 376
496 71
169 65
37 22
318 393
461 129
199 21
61 193
61 170
461 217
336 223
321 201
151 153
57 53
241 209
5 21
296 81
376 462
435 61
137 267
151 292
490 301
15 276
47 459
206 169
271 209
469 499
441 243
499 307
1 86
309 217
291 87
157 355
367 401
47 116
16 415
35 411
403 161
219 294
265 285
281 337
261 213
181 155
369 358
333 436
461 421
384 256
314 166
144 280
391 241
463 280
361 114
115 461
211 451
131 126
131 185
241 498
217 400
101 44
478 436
145 385
217 18
65 344
176 10
497 448
388 495
11 222
391 41
120 465
146 105
444 111
268 31
289 454
21 260
425 313
141 453
351 201
402 181
9 323
131 207
11 390
401 16
321 122
245 493
152 449
37 77
133 421
289 217
161 315
365 197
112 250
6 219
20 218
237 370
81 401
301 243
55 379
442 317
349 210
341 111
176 205
445 61
227 427
211 105
236 448
405 119
209 239
331 80
146 428
325 451
59 397
417 265
21 497
457 251
13 414
466 290
361 57
208 388
291 185
109 426
33 303
209 395
16 241
233 435
241 213
141 220
226 201
56 48
227 61
251 149
1 226
294 49
218 92
199 402
151 85
421 200
151 373
185 451
59 375
117 13
141 193
393 213
425 351
211 18
276 320
216 490
425 13
113 75
117 325
449 476
365 153
426 65
11 443
349 121
456 321
335 439
289 81
49 281
243 21
111 391
471 27
157 331
325 221
295 41
49 141
271 231
259 89
272 46
177 121
211 33
493 473
25 345
151 337
482 297
201 81
207 92
239 1
358 257
409 489
205 343
375 271
196 67
345 337
423 310
259 433
166 349
321 493
151 275
201 219
373 481
373 296
345 136
199 207
275 38
132 379
437 53
277 193
102 73
211 321
481 381
189 109
14 479
189 415
441 149
211 152
158 98
71 241
323 29
101 355
342 194
173 117
322 431
165 352
480 158
25 449
145 285
421 236
181 397
103 2
341 418
445 81
51 265
51 91
01000101000100000001