500 2000
231 276
481 4
249 438
85 96
281 157
101 461
137 269
129 360
383 151
323 221
381 415
301 361
197 206
244 97
11 204
85 351
305 172
434 186
6 113
165 455
237 467
270 229
276 84
321 187
385 71
49 231
129 187
7 277
299 17
357 188
298 275
331 475
444 257
405 251
361 195
233 386
183 98
366 396
251 141
381 53
363 324
296 311
151 408
406 326
105 449
349 201
457 372
475 481
102 375
92 337
301 216
473 373
457 8
187 427
169 61
405 467
469 33
275 337
51 121
261 401
133 235
9 51
111 322
137 376
291 21
461 289
141 410
177 261
37 155
81 414
431 455
81 56
241 340
138 223
291 150
25 251
285 213
99 111
390 339
261 181
262 493
19 1
71 301
347 41
359 432
487 39
91 306
249 397
277 273
359 155
307 169
113 45
228 461
497 223
369 121
313 27
457 461
449 85
451 307
306 77
313 325
251 402
105 37
493 170
15 301
86 366
272 55
69 341
231 205
406 389
115 447
20 403
201 9
493 150
21 359
139 356
101 301
261 113
45 375
397 487
185 256
496 393
431 81
443 151
116 181
443 181
77 491
227 427
213 429
182 25
385 153
69 109
18 71
7 486
429 105
140 7
176 121
236 271
181 418
86 102
61 75
291 37
453 76
114 237
76 371
421 221
306 369
286 227
305 453
176 188
69 146
395 81
217 51
299 173
361 42
281 401
373 317
161 285
1 119
342 105
271 345
209 1
77 395
312 42
445 401
165 449
161 393
333 337
221 269
207 301
409 71
59 421
358 239
401 100
186 259
381 73
416 144
41 199
233 144
339 21
269 255
80 461
42 330
8 38
10 5
110 119
457 219
357 93
345 27
325 487
386 137
98 271
481 256
141 34
147 1
214 285
404 71
485 239
198 167
187 141
191 361
397 365
202 269
376 318
157 461
309 186
257 416
349 9
477 83
5 376
225 481
225 84
395 1
105 321
107 236
445 1
207 97
441 179
143 221
281 473
426 53
81 101
379 485
26 279
145 285
36 152
245 475
446 21
29 215
363 339
157 301
337 217
169 341
235 289
184 181
336 329
201 7
24 471
229 451
81 1
500 201
453 126
329 21
51 35
303 25
417 61
229 20
65 291
75 197
226 163
352 391
45 301
421 390
113 276
375 444
353 420
236 167
127 21
177 197
471 62
461 191
439 285
431 351
291 193
322 1
42 241
277 195
85 16
7 1
425 363
379 421
446 133
20 181
1 11
261 101
465 7
349 175
415 203
285 181
161 317
225 401
142 37
25 166
459 253
465 57
74 100
361 382
128 281
35 265
158 73
367 163
215 441
111 53
415 468
204 281
3 61
258 367
185 22
121 77
115 365
205 51
457 377
81 79
141 145
382 101
59 449
476 393
46 261
253 133
495 426
462 376
481 149
196 418
213 89
365 94
59 131
449 49
157 375
450 481
131 146
5 361
291 219
46 357
105 75
489 481
41 234
321 153
480 325
385 141
13 181
39 111
491 351
84 497
146 421
426 397
447 357
1 103
420 122
198 53
155 325
147 311
213 81
125 385
298 53
257 101
159 91
153 215
281 478
75 461
395 298
381 144
59 491
429 373
294 321
85 238
91 85
175 47
456 474
441 175
1 383
277 441
431 21
356 365
50 201
228 409
87 215
341 441
489 389
85 429
304 36
437 115
14 129
1 4
423 45
297 421
218 113
451 41
335 35
457 205
266 147
241 96
419 113
422 228
473 401
429 431
122 431
347 401
203 204
463 81
363 327
117 1
326 126
51 379
494 345
239 397
305 329
494 369
101 209
61 8
109 9
162 189
379 76
57 43
45 169
2 217
301 321
341 236
157 413
171 496
275 97
211 173
403 152
142 353
317 310
61 229
381 263
253 239
1 137
281 127
481 7
92 53
53 56
360 142
415 172
257 155
53 301
243 15
148 5
70 473
36 321
1 401
343 163
440 257
306 360
322 73
260 215
435 198
261 381
96 247
13 157
29 22
49 470
381 437
295 80
87 495
469 169
227 1
293 447
129 307
141 31
423 105
253 294
273 300
478 421
365 400
457 165
421 386
497 234
38 483
478 500
241 186
341 398
82 401
438 237
385 36
156 489
421 295
185 316
451 127
91 49
182 471
51 123
185 123
177 156
213 181
311 385
204 481
44 75
301 204
210 271
139 96
401 415
251 371
371 421
445 330
289 329
360 251
191 466
261 191
480 440
5 26
237 409
17 433
90 158
225 98
421 19
141 395
401 482
258 179
333 196
373 23
241 277
105 205
185 1
349 120
1 245
381 473
317 117
272 309
115 479
220 51
47 190
181 257
341 8
154 151
41 438
291 161
462 351
363 455
150 301
191 371
51 357
307 401
323 436
109 317
331 41
487 456
61 309
405 163
293 345
186 461
331 276
261 337
425 413
43 477
353 381
1 389
264 441
76 225
297 497
432 225
233 119
453 61
465 49
401 166
107 321
188 53
95 439
341 76
25 99
276 173
421 369
406 53
351 233
401 24
147 109
176 120
207 69
5 355
495 33
461 353
497 263
451 106
19 163
221 85
186 269
409 341
233 1
405 171
226 204
9 453
245 481
196 1
357 20
307 391
129 26
105 31
306 251
256 446
21 157
135 101
137 395
433 15
197 113
54 277
267 408
405 441
466 343
368 186
117 481
137 370
16 224
401 449
8 113
261 268
451 187
293 257
259 288
396 344
141 227
29 51
194 461
117 421
300 225
215 91
447 266
186 451
17 301
326 232
314 69
333 361
200 208
469 213
27 465
141 82
351 1
260 131
75 261
99 141
333 21
426 121
241 111
147 446
41 211
231 209
251 1
481 241
154 238
431 17
394 291
53 296
407 266
83 51
294 369
221 423
267 13
229 465
27 307
85 473
2 435
385 201
383 481
101 241
5 163
483 87
281 133
401 41
415 402
331 139
399 301
373 418
201 39
21 49
54 281
127 371
101 339
158 125
481 21
369 411
137 325
61 288
265 441
197 433
361 273
313 292
309 285
126 105
15 11
293 286
1 265
37 21
160 67
293 16
121 251
161 88
297 23
423 173
308 425
257 33
24 153
91 403
361 121
11 221
321 241
121 289
433 63
329 286
392 131
239 97
281 286
1 129
109 433
268 171
29 421
306 155
125 6
229 301
336 459
333 374
101 69
155 217
420 227
101 73
329 116
497 24
141 329
337 435
377 205
176 500
449 317
83 289
177 213
424 99
475 109
470 204
336 231
216 316
119 173
134 250
466 306
195 441
165 1
1 384
291 241
5 216
467 485
334 351
215 348
450 243
129 285
99 251
372 181
51 226
362 236
457 289
307 37
476 477
201 441
393 59
21 311
140 296
423 91
290 463
325 301
87 408
169 196
25 461
117 296
421 485
500 186
61 104
117 111
440 386
89 417
225 435
164 433
72 417
261 271
65 122
237 34
171 1
211 393
441 87
5 101
369 337
63 61
91 317
26 401
436 338
399 115
376 39
156 105
290 49
311 128
420 397
461 133
261 225
227 95
465 81
161 9
45 109
316 367
93 131
51 103
201 8
441 465
396 481
426 161
45 444
105 433
165 13
61 441
346 177
174 189
421 46
441 484
446 345
471 461
197 468
297 229
193 231
361 181
320 226
25 90
491 173
406 454
211 303
443 157
373 333
428 312
26 121
111 6
465 127
249 465
225 421
99 236
456 497
211 133
461 500
341 306
156 213
357 453
56 114
404 37
241 420
73 251
487 351
361 485
251 117
262 455
261 411
85 101
97 453
171 308
142 27
217 1
321 141
463 25
61 68
46 115
382 59
234 479
431 422
101 321
205 373
365 379
68 9
138 109
429 145
93 36
15 329
173 413
235 416
323 481
366 121
165 4
261 331
189 301
335 71
203 343
381 349
317 17
421 53
400 327
468 325
438 480
325 357
451 381
51 17
457 473
164 347
96 441
59 73
11 21
77 301
45 185
225 9
482 27
361 105
81 417
85 130
386 220
72 301
311 333
244 61
211 309
499 319
89 211
170 456
419 109
433 69
137 466
5 1
289 486
271 418
321 1
203 8
277 73
41 111
496 445
176 257
179 321
118 409
117 218
221 405
366 21
123 229
128 177
347 152
57 249
367 389
429 142
47 43
451 257
346 137
105 193
369 471
101 400
353 309
446 181
476 449
433 157
359 74
343 99
148 175
347 133
329 433
288 333
236 371
258 406
287 122
163 459
358 193
164 453
398 284
176 401
137 468
451 215
101 139
25 313
345 451
190 433
211 394
91 76
426 437
251 477
93 352
18 471
234 181
266 425
23 121
90 408
1 166
230 101
49 53
237 393
469 386
186 369
153 421
259 201
201 455
370 63
205 460
381 161
325 39
70 85
44 124
1 279
401 29
336 273
235 260
393 287
26 81
230 379
137 157
387 276
11 406
471 141
263 372
378 381
185 11
109 61
96 471
267 117
262 426
440 251
135 131
221 391
102 185
291 320
395 234
491 45
417 229
315 27
465 467
238 299
244 233
293 295
261 329
221 317
135 19
183 481
405 399
101 288
178 51
457 125
341 461
420 351
366 260
389 301
106 45
203 436
480 394
184 404
473 245
20 221
152 49
411 46
417 141
178 17
452 171
412 283
223 281
217 41
426 201
453 167
29 481
409 101
235 369
421 177
58 327
423 451
205 98
240 211
329 207
386 361
193 278
471 115
441 231
49 299
19 297
259 281
145 475
61 466
99 353
446 311
33 392
405 390
134 205
416 75
346 295
351 407
105 445
339 155
49 313
21 433
358 443
221 429
279 321
304 391
384 267
155 281
167 469
50 119
141 175
79 325
6 146
325 51
292 5
1 458
79 144
326 252
211 129
235 375
490 321
322 201
317 212
455 257
98 137
154 349
324 21
76 7
208 373
216 37
489 363
292 351
467 176
369 457
481 212
133 439
409 6
189 430
1 278
245 357
397 1
67 240
481 361
263 129
349 296
317 241
21 111
221 161
93 305
452 345
469 211
27 45
473 128
353 151
133 378
155 107
347 323
373 189
403 399
147 313
142 39
91 451
308 297
438 361
321 251
137 341
269 351
191 121
409 1
267 398
60 209
419 103
19 333
349 93
489 214
231 167
191 465
470 1
217 295
261 499
229 172
395 459
451 209
197 365
295 444
236 25
211 479
486 9
5 443
453 373
246 420
269 453
441 422
7 351
3 341
131 62
283 125
387 66
371 75
382 397
219 125
269 288
30 401
497 55
83 90
433 8
433 133
145 302
459 175
151 345
57 181
280 277
323 483
265 68
351 61
223 17
421 305
15 206
121 346
200 151
81 201
237 368
178 216
297 159
414 20
441 209
305 385
179 225
126 379
483 189
401 57
5 21
101 279
441 245
497 177
137 256
201 31
340 140
181 169
457 1
13 86
163 296
367 1
391 487
153 349
176 189
301 273
78 469
417 275
244 120
136 403
192 98
106 121
98 84
291 89
219 471
271 51
17 369
333 425
7 131
71 31
141 330
283 119
116 51
341 464
133 333
41 313
305 57
141 279
40 473
217 451
281 234
261 125
253 381
37 49
370 249
483 105
62 76
79 341
361 128
213 98
255 485
401 31
205 500
121 221
61 321
272 478
9 73
251 13
360 416
357 81
357 126
413 145
231 445
99 313
223 369
413 466
301 447
359 442
41 49
391 236
241 61
86 91
11 41
33 133
127 206
433 301
394 29
341 29
265 113
93 326
97 57
315 79
395 421
101 361
229 236
161 454
273 395
399 174
97 2
269 437
37 358
32 117
336 314
16 161
393 205
485 459
91 65
91 261
201 377
93 186
151 229
401 214
106 465
307 75
14 281
107 354
26 85
95 97
288 109
195 421
282 345
465 118
325 291
72 65
101 201
303 67
153 61
258 282
322 253
251 277
49 135
205 235
221 403
289 304
382 161
209 237
313 179
56 51
301 343
271 469
57 157
239 5
475 286
233 83
237 251
453 341
195 69
371 454
256 197
112 153
281 238
362 169
26 344
305 91
117 261
491 477
431 477
187 213
221 480
142 351
273 481
162 112
87 253
279 431
101 266
19 51
171 414
73 329
61 301
401 91
371 31
79 83
221 86
251 234
450 141
81 301
437 260
309 1
60 435
17 9
121 401
185 394
175 183
107 67
275 49
125 37
209 320
1 311
53 414
338 69
489 304
78 76
317 447
298 455
425 42
5 125
350 431
441 349
364 161
193 421
467 41
429 496
421 199
50 137
187 392
482 135
311 235
229 207
463 316
265 228
236 79
197 495
162 67
397 276
143 41
461 363
251 20
29 249
243 463
231 80
89 142
230 197
489 480
65 85
12 225
153 105
487 37
241 449
315 41
99 245
383 121
106 29
280 306
387 201
157 71
205 342
182 224
123 241
493 321
66 489
455 173
285 321
221 409
301 113
179 437
221 274
297 1
331 165
171 301
437 146
490 61
261 345
371 125
321 281
201 439
485 57
236 113
121 181
49 311
388 141
469 292
173 61
41 335
287 38
153 25
297 291
73 430
319 11
391 366
268 265
343 294
498 255
29 217
1 87
114 231
105 406
361 74
264 445
373 121
411 226
259 76
29 31
2 305
17 6
40 308
31 445
21 401
327 451
211 426
445 121
205 191
15 316
137 382
89 339
303 325
59 151
377 51
97 247
131 318
53 423
455 17
27 213
445 461
375 411
125 115
391 74
327 67
81 40
425 37
16 211
421 283
114 33
119 226
269 422
125 153
377 277
25 91
324 237
276 266
103 401
433 271
180 215
246 327
137 142
333 174
321 219
133 201
165 369
473 475
55 439
481 174
147 129
299 433
33 171
197 493
89 237
171 331
217 139
361 165
441 246
211 424
355 117
37 171
296 110
113 429
10 21
301 169
137 485
415 201
499 463
133 401
479 101
111 341
272 116
281 444
321 186
321 5
41 39
272 148
186 230
315 283
477 101
235 161
151 1
35 433
291 493
361 197
191 37
111 499
1 13
475 193
236 75
409 430
361 381
25 159
281 50
193 9
157 181
425 381
497 1
281 297
425 331
61 365
240 433
381 1
326 181
497 341
326 173
287 139
220 239
386 477
496 221
226 230
225 252
187 209
40 457
448 387
416 380
413 266
351 171
161 489
64 299
57 89
201 122
315 166
281 105
204 49
431 112
437 429
197 441
114 463
388 201
165 167
498 436
384 262
13 269
193 271
421 235
391 59
113 365
111 13
61 73
44 105
408 27
376 125
96 376
141 361
351 305
21 350
414 121
457 401
447 365
497 329
317 89
69 421
165 377
57 1
1 425
497 48
41 476
1 141
154 10
121 61
460 466
55 369
194 97
291 453
199 438
229 85
185 212
174 357
293 89
361 1
188 241
55 85
120 151
333 450
356 249
363 9
241 93
471 149
117 201
131 147
308 352
485 349
433 61
311 451
277 182
423 495
377 62
101 470
215 235
121 281
401 429
30 381
411 421
198 330
487 161
221 301
417 471
447 21
491 360
96 346
161 431
251 451
65 163
109 365
157 367
453 42
189 300
313 265
166 461
324 26
311 268
462 363
401 321
331 201
251 53
441 481
136 91
401 362
479 470
181 396
207 364
135 384
38 481
435 153
337 93
449 131
261 296
363 303
191 301
460 254
397 13
496 101
399 4
44 293
142 229
341 401
321 25
271 361
331 349
29 240
457 92
77 178
53 61
335 401
223 489
20 41
51 453
66 389
374 276
95 81
481 36
328 453
297 236
473 467
37 462
21 493
167 217
334 201
413 58
46 226
369 75
161 385
439 280
280 246
125 41
285 362
211 9
437 251
423 285
19 213
315 271
371 413
81 89
100 1
237 5
12 69
373 125
185 124
111 247
271 37
68 331
11 212
157 490
89 1
349 87
55 305
1 437
51 85
407 421
239 451
174 282
101 282
247 130
374 221
385 273
435 349
115 281
288 241
201 85
261 221
66 321
269 129
251 201
493 421
451 403
442 221
1 113
255 57
137 444
372 375
238 461
290 427
465 161
172 62
308 117
488 231
76 66
245 308
292 181
286 370
8 119
157 278
469 186
445 255
42 336
401 184
56 95
233 366
163 189
225 453
381 35
493 364
471 500
301 111
82 457
83 13
235 406
264 213
185 115
161 281
321 467
88 8
157 53
459 153
173 374
176 443
319 398
381 486
485 301
278 195
415 281
133 261
430 321
74 173
91 359
73 309
421 41
427 305
82 165
345 486
281 261
31 247
49 197
491 313
306 222
82 76
81 406
149 339
432 401
324 117
134 253
138 421
421 381
89 149
442 45
272 169
203 289
313 355
303 232
1 277
165 444
141 3
447 231
149 101
367 266
378 334
397 321
369 48
55 17
201 109
169 1
351 69
377 345
475 159
251 40
171 461
313 9
3 161
345 35
261 165
205 172
285 37
10 116
46 328
465 498
393 141
411 373
481 126
86 341
486 455
121 303
55 137
1 41
394 409
281 394
281 181
288 73
169 90
378 355
93 246
143 193
473 427
455 313
426 290
244 309
141 387
311 486
401 413
195 209
157 89
185 101
301 7
101 481
321 225
7 363
321 8
27 7
461 137
379 58
215 305
404 379
133 166
137 271
253 453
24 486
445 206
412 467
262 461
17 426
386 26
74 469
19 381
467 377
175 369
333 181
155 143
239 1
97 221
130 158
109 186
343 488
77 68
210 381
101 325
258 427
495 443
17 477
393 41
450 63
157 69
75 131
170 471
227 179
185 451
208 333
465 258
264 307
484 373
36 26
72 64
30 369
253 438
321 27
304 363
237 365
467 209
255 404
111 396
425 240
219 5
175 196
41 490
178 66
357 189
68 56
181 165
301 436
275 386
61 133
341 196
236 301
21 277
51 346
13 476
355 89
159 191
133 382
101 353
97 51
68 476
328 281
21 87
73 6
117 466
494 281
201 1
373 101
286 255
21 175
217 144
89 224
25 297
267 425
387 16
358 184
345 431
246 437
155 41
137 171
326 365
371 383
104 491
298 361
259 283
257 23
334 391
356 341
260 281
305 461
354 240
277 401
91 409
00100010000010100001