500 2000
433 264
359 153
121 328
111 401
155 496
101 307
366 25
62 161
156 84
265 140
61 1
497 113
47 219
245 246
213 141
150 482
17 408
370 105
297 145
421 229
237 357
70 433
291 19
37 1
306 451
406 314
333 237
213 160
305 1
123 93
263 280
245 2
161 126
141 165
111 361
463 209
26 1
176 462
421 289
49 172
101 211
297 251
205 316
455 67
311 141
283 234
101 391
1 143
134 51
169 313
129 349
379 226
314 410
306 343
81 33
201 361
375 430
367 85
95 217
135 469
165 35
81 201
225 357
95 253
405 413
196 367
139 239
425 261
167 373
433 441
200 178
397 213
77 349
401 143
273 1
202 12
176 249
311 261
396 332
176 257
47 292
172 452
137 340
397 88
109 409
481 89
376 31
143 121
353 207
141 437
342 473
75 1
16 49
126 434
381 411
495 294
443 139
401 466
421 461
428 74
374 329
421 41
177 185
469 456
193 434
456 261
48 446
134 101
209 231
407 459
121 251
358 231
453 439
266 178
465 353
231 311
113 217
176 83
415 242
281 247
111 437
444 430
139 111
468 211
21 217
291 419
359 39
466 485
36 225
440 367
317 397
296 50
37 387
96 110
465 241
251 156
257 131
449 4
45 37
169 417
240 366
104 63
275 141
289 42
313 339
363 437
325 55
273 311
327 483
1 263
1 229
413 265
161 142
61 283
17 200
276 145
311 405
213 132
151 70
147 52
153 61
306 448
189 338
261 21
274 461
426 101
385 361
497 401
54 273
349 123
70 311
442 85
191 375
191 231
451 159
345 111
169 415
65 485
315 391
172 125
301 479
296 485
274 246
249 284
349 453
369 419
6 281
254 181
494 227
189 277
205 161
183 249
281 44
191 181
55 161
365 481
259 413
326 469
312 145
331 272
403 44
260 483
209 91
369 57
293 59
434 149
497 121
463 166
385 93
473 293
237 24
373 137
60 91
181 190
383 267
355 301
321 121
437 41
497 334
241 411
431 53
157 29
161 19
70 405
91 191
325 455
301 120
29 80
305 185
325 101
185 41
175 351
122 37
65 214
404 222
31 357
181 226
81 161
421 417
373 285
258 138
21 111
196 205
205 194
253 345
171 2
45 167
267 465
181 281
404 321
41 12
421 89
392 9
476 403
168 111
81 182
357 401
343 256
13 417
277 369
281 48
139 313
49 405
1 268
489 433
376 73
185 490
109 466
383 191
187 380
151 465
218 323
421 1
211 456
153 319
25 133
223 13
5 36
367 403
41 45
291 393
14 73
314 322
231 254
313 167
491 50
458 77
419 217
1 497
275 411
65 1
455 364
44 149
317 231
191 238
281 435
281 1
331 221
47 421
481 81
101 73
41 393
201 377
251 321
325 206
54 221
164 1
321 81
277 184
371 321
161 26
63 227
426 363
307 425
329 209
341 81
420 313
201 26
454 51
135 213
143 471
9 313
381 361
249 361
417 239
191 409
33 96
472 349
292 289
441 447
256 199
117 357
217 246
409 413
3 21
448 451
8 121
476 455
376 229
1 468
19 391
136 175
189 173
317 241
26 289
141 441
449 359
221 193
345 276
345 53
173 25
281 9
292 259
41 381
6 103
377 97
54 481
115 448
163 101
74 381
406 236
1 67
223 177
214 421
241 7
255 345
389 177
401 377
297 281
254 313
257 1
2 121
365 29
437 341
473 189
277 293
177 144
137 391
169 201
457 101
440 226
97 213
163 309
275 468
457 301
213 309
177 241
493 3
157 143
333 121
345 450
440 227
354 129
313 107
248 371
315 488
81 181
55 344
106 299
186 21
114 434
481 21
389 285
466 277
497 389
13 222
341 41
42 100
285 189
269 237
97 249
491 235
57 247
5 443
91 355
483 429
186 133
113 127
365 134
417 431
301 34
161 69
285 153
76 343
246 213
14 11
17 246
301 3
113 162
377 267
337 31
209 44
201 456
239 121
301 64
345 1
5 237
49 425
225 266
211 337
307 493
109 259
159 391
466 100
45 116
418 494
491 209
113 138
335 200
25 385
277 231
76 157
229 493
364 221
11 267
133 98
133 145
297 347
139 341
373 421
361 168
445 435
128 363
467 251
393 271
330 138
427 193
6 49
164 70
45 371
59 481
441 208
337 97
369 337
261 66
287 303
161 150
355 353
153 105
216 287
493 197
9 41
93 129
450 489
86 251
312 9
181 1
389 126
368 249
53 406
65 311
209 21
79 88
185 327
341 35
318 155
301 241
261 31
249 11
1 160
5 86
457 477
329 488
249 307
423 27
151 441
4 461
331 21
313 86
81 274
40 281
401 471
229 185
465 401
301 311
133 184
131 25
301 203
315 225
387 336
69 489
397 51
51 111
477 115
201 307
294 97
178 226
4 11
59 164
201 339
261 41
27 429
395 196
271 60
296 443
219 317
394 431
465 427
41 88
105 397
29 297
201 141
49 214
373 146
141 81
245 493
408 10
275 101
29 253
105 329
121 129
175 17
266 274
281 97
337 104
166 5
137 176
26 279
81 251
372 479
11 18
245 190
376 213
1 316
149 431
476 401
321 1
58 62
100 355
451 194
117 398
126 241
350 401
8 5
246 360
71 475
383 499
335 367
347 51
125 494
385 56
149 39
31 219
82 303
114 314
251 335
171 219
63 204
197 37
115 1
244 203
33 133
427 201
456 332
77 495
31 473
161 253
335 461
17 222
129 83
273 408
270 79
71 256
2 293
24 322
341 493
70 386
326 329
445 431
101 281
251 24
223 250
281 346
207 457
1 265
23 83
187 105
417 261
355 56
201 9
335 369
57 231
67 169
5 93
473 93
168 73
5 141
410 221
65 453
445 103
401 181
379 406
497 377
397 321
462 241
81 187
221 243
431 275
341 250
353 111
265 21
171 1
283 269
385 187
269 451
376 409
483 473
468 351
369 161
415 353
376 87
221 425
271 149
239 115
373 61
111 183
261 307
81 337
61 393
151 436
268 362
241 339
281 405
29 193
241 175
341 376
233 57
5 311
493 74
110 434
389 306
493 406
219 481
372 291
60 416
401 406
6 271
9 387
251 46
373 41
347 227
401 327
483 183
367 297
251 474
129 377
349 277
369 357
305 53
128 251
374 273
261 221
293 233
93 149
131 476
134 303
277 378
191 336
1 161
59 117
85 251
73 371
343 1
99 73
228 158
401 405
455 43
204 47
500 453
254 207
237 147
317 17
155 13
287 257
133 89
454 125
256 232
122 1
34 425
491 361
403 167
471 13
340 461
357 177
365 463
1 28
242 373
1 210
441 257
393 350
444 20
469 225
133 53
41 48
377 51
351 492
81 232
289 108
265 127
424 449
93 247
151 261
401 451
308 489
65 205
495 388
158 69
453 499
413 286
166 40
143 287
169 332
25 75
337 149
1 49
171 78
275 283
237 253
261 421
192 404
261 72
427 455
254 400
221 263
227 349
33 245
478 411
131 407
81 29
65 20
129 101
290 486
193 177
188 186
386 154
12 87
389 9
271 166
346 95
313 185
444 281
1 351
1 253
205 261
35 309
267 441
225 85
479 287
241 51
77 274
55 429
288 483
81 372
161 326
266 129
37 435
11 449
262 183
265 195
349 490
225 296
425 245
101 213
161 281
481 271
251 331
19 149
337 281
129 421
7 363
126 249
476 466
332 261
57 137
69 91
386 321
41 141
477 107
151 475
39 308
341 436
34 95
321 97
243 176
151 376
311 121
323 307
261 79
377 49
493 101
418 403
357 309
485 480
23 147
291 321
197 144
399 43
61 101
279 103
113 225
316 215
171 137
306 384
29 386
34 492
189 105
373 71
271 281
301 193
262 141
361 319
453 37
403 41
421 44
350 345
100 113
421 241
321 286
386 1
12 452
265 149
50 256
246 2
68 207
193 41
291 1
301 461
446 370
387 1
286 47
205 288
457 241
145 317
42 401
236 289
283 349
298 198
121 385
287 133
96 451
337 150
403 330
9 333
71 300
369 42
403 1
14 459
9 187
381 433
344 221
243 465
349 441
421 243
353 461
93 265
394 251
229 215
226 247
291 89
13 326
226 250
179 385
169 365
416 133
23 1
25 345
251 90
202 126
217 5
151 433
155 314
219 230
401 231
225 84
402 204
389 221
177 226
69 201
309 278
449 421
145 331
114 37
109 337
190 71
181 85
71 39
164 101
339 406
393 89
125 121
241 55
391 441
52 229
349 15
349 457
275 71
321 29
31 181
482 316
308 266
378 179
201 424
301 101
169 329
391 119
435 136
336 317
196 389
205 51
240 181
61 87
114 464
433 155
33 105
139 292
446 423
25 115
415 145
298 381
105 73
166 131
121 400
473 201
226 144
169 204
193 119
101 479
217 191
427 286
180 93
361 236
126 91
37 157
456 396
5 433
376 467
341 248
125 457
148 19
485 217
305 477
73 399
85 273
191 307
282 225
373 473
37 101
193 393
33 331
361 380
409 407
113 255
221 277
11 13
199 366
417 337
401 193
349 493
87 313
116 409
429 71
221 382
145 1
281 111
349 117
179 485
341 1
85 13
53 241
361 58
401 147
1 226
433 66
401 356
86 321
361 452
351 473
385 133
393 365
317 363
63 473
131 173
460 363
281 81
225 411
351 207
29 401
332 412
33 89
280 477
69 269
376 57
415 311
301 237
105 131
22 481
25 101
293 411
44 10
381 167
176 233
62 289
127 395
491 283
381 106
313 221
465 152
381 1
51 119
456 360
17 3
105 456
157 21
277 401
344 429
403 325
126 401
22 185
489 173
221 275
97 85
241 401
463 381
11 66
255 169
262 45
129 363
143 73
174 161
56 181
366 45
175 255
25 175
318 339
215 327
85 69
257 396
17 409
211 306
325 449
93 451
101 286
39 301
261 166
90 261
351 91
417 376
261 197
375 465
101 87
152 324
1 455
126 451
6 224
391 300
173 196
497 281
477 135
198 93
364 212
157 45
213 81
13 353
136 177
17 198
278 251
53 73
224 87
99 65
467 341
89 229
475 399
252 253
415 213
305 401
217 481
185 57
225 162
351 221
209 62
137 73
373 103
123 339
230 178
439 470
216 200
257 151
146 473
421 469
444 426
85 291
194 361
373 68
207 367
1 409
65 270
451 403
331 258
431 257
481 495
339 41
321 13
202 445
171 417
481 177
187 136
371 450
441 301
431 96
107 283
421 223
341 421
251 134
289 493
451 224
6 185
425 163
225 413
151 57
383 478
97 197
229 481
301 131
151 202
481 240
343 125
327 289
192 449
401 316
115 463
219 44
201 161
71 165
1 31
441 386
90 1
233 147
435 201
51 252
331 439
301 125
353 121
41 435
345 500
497 365
61 163
393 121
421 311
151 293
461 182
211 301
121 451
477 261
111 311
460 121
261 472
21 373
97 346
229 316
471 99
37 15
265 185
380 195
135 276
45 297
267 57
101 49
492 189
69 467
129 104
309 85
176 430
311 205
204 467
119 404
322 87
405 290
409 61
443 61
499 97
205 101
429 397
137 377
277 269
104 437
303 155
116 479
121 71
1 141
371 427
194 442
357 201
269 79
337 285
237 211
305 226
126 409
356 397
263 61
53 75
469 401
161 246
393 471
321 401
85 483
347 251
188 431
71 129
181 133
192 427
339 99
423 497
29 389
367 271
246 414
16 455
487 187
456 421
66 290
145 379
269 337
125 157
441 451
133 29
279 77
81 496
451 297
9 461
353 113
154 369
430 193
376 494
328 107
357 361
114 241
125 101
221 201
135 453
189 372
165 61
377 15
300 299
189 202
77 1
237 385
197 273
203 481
299 45
73 473
247 364
403 249
28 481
176 238
314 461
121 86
233 181
300 229
284 173
129 111
109 91
283 33
359 32
493 113
313 141
255 447
45 1
169 421
125 38
21 422
373 376
276 284
104 144
491 332
226 41
88 493
201 249
401 218
117 177
289 239
305 177
375 226
473 435
171 419
3 89
1 274
313 365
191 209
471 369
108 69
431 293
486 17
497 364
41 28
443 149
49 297
121 427
171 357
357 257
208 291
330 107
369 409
481 405
45 481
491 72
221 18
461 495
301 427
101 226
253 301
385 461
41 40
427 5
217 244
485 405
269 473
81 224
176 271
365 355
276 317
263 425
36 396
446 401
405 380
161 27
475 451
274 229
481 346
140 397
153 381
117 190
15 330
213 391
159 393
499 247
331 22
69 213
144 26
345 277
155 471
181 301
215 451
199 257
329 261
371 348
462 357
192 11
81 392
500 353
257 13
13 273
459 321
305 81
233 229
88 444
289 461
21 288
197 95
25 405
236 177
414 121
363 198
481 145
346 73
405 6
89 195
180 285
373 401
420 73
413 18
145 59
138 421
239 24
93 239
97 401
458 173
489 41
420 331
351 315
317 491
141 421
361 355
73 461
105 121
109 308
135 496
436 443
323 19
401 355
265 467
277 209
401 205
369 311
233 208
64 455
341 391
297 422
41 278
227 361
379 127
425 367
169 411
269 80
461 473
415 134
473 299
15 23
81 331
176 115
82 389
441 85
219 209
351 418
31 393
21 61
31 441
415 276
396 73
41 285
449 6
197 214
8 11
209 472
107 29
253 353
389 401
445 62
305 465
465 251
211 80
478 26
441 181
29 416
481 461
239 457
357 301
253 446
231 151
152 429
131 215
425 148
65 409
313 301
262 221
176 55
47 365
341 471
317 228
9 456
399 45
353 29
89 369
7 109
357 359
149 9
378 245
439 247
377 391
291 225
13 292
211 188
169 61
171 326
417 184
461 233
346 482
135 474
357 77
143 317
209 341
169 471
497 146
371 145
186 237
305 160
443 215
131 271
43 176
7 161
157 209
229 53
64 215
201 447
301 174
75 105
369 491
151 400
301 191
166 497
381 70
5 273
205 406
306 1
261 462
5 129
1 499
261 234
428 349
54 25
441 1
276 381
229 71
20 423
306 121
68 353
205 99
296 445
79 21
463 318
411 289
278 481
376 443
482 197
301 229
477 245
98 249
41 260
103 360
371 89
349 267
217 51
455 223
95 175
41 137
46 469
153 429
303 143
91 307
6 191
102 241
130 473
176 308
471 208
308 226
46 419
26 18
168 278
347 477
64 483
433 227
113 54
157 291
87 31
190 449
77 177
351 311
191 351
255 39
367 481
409 453
341 344
387 246
386 490
111 294
437 273
46 39
157 301
7 32
161 193
57 261
19 469
209 193
125 351
1 459
85 377
101 81
189 478
344 469
1 179
188 359
51 121
355 425
231 219
249 236
104 164
224 149
459 457
217 199
94 381
325 11
361 295
153 169
228 406
73 121
3 58
419 379
249 71
375 237
215 89
43 89
37 143
365 12
166 481
409 431
381 377
397 391
467 276
481 191
442 142
400 296
326 251
485 269
51 80
157 216
317 329
307 361
25 181
403 229
251 131
251 9
91 13
431 332
99 26
58 44
243 167
47 98
191 311
449 469
452 457
89 287
121 241
315 301
457 223
1 231
282 463
284 141
353 186
192 458
71 426
215 27
21 369
461 16
23 49
467 397
32 201
26 308
305 99
371 439
85 463
481 339
491 41
351 301
114 77
146 53
386 385
437 29
266 31
301 369
297 121
289 208
289 202
401 411
113 5
125 117
76 153
41 302
468 236
83 71
281 257
77 213
149 249
461 339
56 291
171 405
461 259
209 248
321 297
151 401
199 269
185 415
353 362
377 9
425 347
107 1
247 161
136 51
249 38
180 77
131 68
7 174
315 474
100 401
1 275
85 488
33 39
169 302
39 253
125 147
126 357
83 280
72 264
161 47
137 330
356 15
132 289
321 194
367 402
28 167
291 401
436 240
229 291
385 196
85 81
285 471
328 221
191 118
41 243
453 90
467 13
130 131
213 457
157 191
201 191
481 208
41 365
351 345
450 485
29 154
489 182
201 35
65 254
51 385
167 205
154 469
441 171
160 5
84 200
481 53
21 89
182 16
328 21
370 345
123 226
1 66
243 321
119 282
465 2
158 165
364 183
381 201
1 276
491 55
427 126
51 67
497 143
61 251
11 411
9 151
345 498
193 186
311 417
41 253
165 395
306 353
261 379
93 125
351 5
470 181
201 41
218 221
272 185
470 127
315 217
87 281
385 236
438 477
408 433
26 497
213 43
149 297
493 71
223 387
297 310
238 317
341 37
17 77
392 357
371 165
295 325
73 111
330 144
3 237
156 481
4 149
413 21
116 281
263 131
207 259
284 291
229 477
11 361
345 102
189 217
226 401
324 235
258 61
401 73
456 171
81 131
160 36
402 101
447 81
361 133
461 252
10 101
405 322
58 346
285 457
51 449
139 168
391 253
152 51
427 22
472 126
139 150
309 111
201 401
361 473
259 476
265 377
197 161
341 23
31 301
292 347
341 101
1 99
21 247
209 486
401 157
451 436
494 157
278 326
423 151
325 51
359 479
351 306
36 483
331 101
413 53
121 341
88 159
417 125
13 41
164 73
39 37
395 231
26 424
29 463
41 405
16 350
143 33
373 3
85 477
260 341
471 121
18 423
284 445
181 413
178 193
11 391
156 249
377 17
391 201
427 115
107 136
160 497
181 94
210 235
179 293
13 409
21 251
353 149
278 17
343 427
13 483
85 373
275 425
170 341
443 445
466 389
458 397
351 243
211 453
496 1
85 89
49 154
357 322
300 61
357 308
91 1
441 426
52 1
281 75
11 477
220 315
229 437
145 384
77 7
141 277
33 438
375 203
177 251
423 243
349 405
371 447
154 424
489 373
489 466
341 495
180 177
466 61
231 475
79 160
371 449
217 235
131 136
257 31
321 177
395 301
305 167
427 349
17 343
33 453
74 201
153 1
217 431
452 186
301 179
500 125
471 111
261 385
6 288
427 116
375 312
201 459
177 162
345 225
53 458
255 464
1 114
61 41
207 189
227 121
241 191
339 349
272 449
271 205
195 169
361 145
231 497
29 451
126 93
30 193
386 146
328 123
381 277
31 101
81 47
49 19
349 17
101 328
01100100001000100011