2000 4000
1423 1191
796 806
519 1493
655 1161
325 1729
113 485
428 806
1757 1237
615 879
239 393
1591 121
679 161
833 1126
508 1449
529 1437
1262 126
1745 1223
375 775
593 172
1719 170
2000 1
129 1575
1833 1041
1086 601
619 822
462 519
312 113
174 1154
1081 1361
1217 1921
36 461
973 825
373 1429
383 1515
1585 1695
1201 769
376 281
1995 1570
1489 541
517 677
1001 641
1183 1650
62 1857
1989 1871
1401 659
21 703
141 1593
1223 111
1054 508
72 1823
1426 408
1425 243
650 96
1864 1401
1229 209
981 1485
1261 185
313 1057
1079 1571
615 356
1935 465
424 1789
1729 157
1428 1228
1012 961
1502 541
689 1373
941 982
775 1867
756 707
890 1035
477 451
182 1166
625 129
1851 593
337 573
489 161
829 1121
1841 166
11 159
1825 301
1593 1751
279 1756
1489 1537
971 437
651 137
1661 1521
701 1001
1937 500
1091 1
1360 341
435 756
1563 736
476 1886
1385 1439
629 1837
1201 1043
401 1820
477 1771
1178 49
1511 1141
1413 504
1105 336
1809 503
741 799
1084 1863
26 627
521 1046
889 1937
309 1593
1566 213
1793 1911
425 92
1841 593
41 1262
983 1089
1523 1705
1963 13
1491 1089
1759 677
841 715
1669 31
1591 593
879 216
1053 1469
1045 1320
1700 1721
1325 97
511 529
1711 481
998 662
601 881
1085 1926
269 1579
1851 1873
1956 1461
388 165
1102 1976
951 353
1377 1361
1606 1881
1053 1429
311 1051
1219 1921
1363 391
957 91
201 1231
1058 1581
1980 736
965 1212
1331 229
1205 345
545 1561
728 1073
611 449
1817 1000
696 726
324 546
218 1004
361 1057
636 622
80 267
585 356
656 1725
198 1639
1561 801
26 27
1871 1387
1185 391
59 1873
1656 1143
551 1661
1841 915
1669 151
129 1435
471 819
1501 261
831 1935
1649 1
1937 441
1709 513
1835 557
935 1041
253 1451
1977 1383
1759 249
1007 1569
654 641
1439 1409
255 751
1761 561
875 391
179 1461
301 977
715 498
86 1925
1619 681
1529 1761
1631 995
949 954
1349 1833
1476 45
788 801
1303 453
125 1161
945 1945
259 1926
1845 241
233 1849
1209 119
1431 1946
1768 860
583 1218
1370 769
1083 1931
476 273
171 1702
1616 684
1232 1322
977 1337
521 315
305 1911
1281 1441
933 207
1083 1346
548 1124
1793 1121
417 1176
1601 1421
1483 715
1061 1547
1959 1513
1121 545
1579 1804
128 1765
1649 241
671 1925
1401 1169
105 576
1335 468
1331 10
519 205
1845 1935
492 51
1195 1391
1559 301
801 71
1437 1881
805 21
29 1127
426 405
215 1301
261 1779
1701 1437
1541 1651
1777 911
191 1091
1636 1441
425 623
131 961
1061 1540
1682 481
132 1241
249 1259
289 1045
1445 346
772 97
445 1741
166 76
1437 185
552 102
878 607
1393 377
366 1329
801 1372
1609 251
1009 1
1756 1037
587 1717
369 553
165 953
1301 1499
1420 892
902 1373
1531 1093
689 1401
1233 661
1011 681
1221 935
1103 1451
1793 1893
295 205
51 25
767 753
1223 1601
1209 1420
1508 1441
1609 1553
1532 501
1281 1466
1532 1696
361 1246
466 901
861 1995
195 1673
785 125
533 801
1156 1463
236 1533
316 613
855 699
461 1661
693 1554
81 475
1295 851
437 1801
1893 495
819 583
1051 1103
605 111
1721 992
1676 1951
1925 697
1401 461
447 1981
1428 205
1701 1256
1126 631
519 1368
258 207
1853 671
1380 147
156 1641
1947 1166
293 801
1089 1809
1681 604
193 1746
946 1496
429 1579
1191 1121
1301 93
1751 1941
1884 689
1563 1287
242 1756
1510 146
1191 697
11 801
1574 962
1152 28
1923 1755
549 361
361 802
817 1049
305 393
1997 621
1489 705
185 851
457 1169
1489 1981
1481 1183
401 333
1850 506
1 566
1931 1948
823 1231
621 1506
441 397
755 1326
1798 1326
1 606
1 281
45 797
1186 783
161 413
1376 1283
1711 583
157 358
1824 547
1753 1571
887 737
1745 295
1962 1521
1713 192
1377 701
779 1140
1193 1597
191 1697
751 1295
1905 1277
769 1451
1276 1254
1081 85
1453 1891
269 1883
1217 1825
1993 645
830 961
933 293
1183 1313
1937 975
861 826
1368 1445
1521 1501
229 213
611 771
1017 1112
759 940
1440 1946
1995 901
319 1526
786 653
621 841
301 651
1090 704
369 1049
835 65
333 1629
300 299
365 1655
698 54
1532 1159
409 1538
1823 1574
1354 1234
633 1109
401 1453
408 1401
1857 996
1521 785
1553 713
433 801
704 1961
69 1051
637 1900
729 121
1857 585
293 1417
1816 964
1679 1657
1137 214
278 789
94 1781
1251 1761
460 6
381 1856
1909 1451
335 863
1036 711
961 510
976 487
673 45
1761 1865
417 1751
961 799
1747 1673
1981 457
1409 369
501 1981
205 871
1665 1077
551 1041
1753 1096
1953 1252
1992 1291
1501 891
1664 69
71 1608
91 1024
1383 673
1873 1065
1056 1946
121 71
622 1402
76 909
302 921
1088 617
1282 664
913 29
465 1801
1413 1575
1326 648
733 641
1551 235
481 705
1247 167
1665 251
1497 1871
47 785
242 795
96 1853
1547 81
421 1457
586 76
889 869
1381 1981
1641 365
46 376
1121 1291
673 401
1299 1761
1569 1129
1076 1377
1165 1006
233 891
1071 236
553 63
1521 905
237 1387
1933 1096
404 107
1332 239
1175 1745
1 14
1347 833
1467 1
1021 245
1458 101
1649 185
845 1601
1340 240
1793 626
577 66
1829 692
744 527
511 1817
1519 1403
1537 1127
1921 781
1574 73
367 1485
108 601
1833 89
464 331
1035 146
877 761
262 1073
1913 1321
1803 824
427 1
1567 1491
1165 1815
681 801
725 769
127 1666
1998 1401
1833 1201
1318 636
1875 369
1003 154
1326 1444
1441 79
1171 729
736 641
1141 517
414 1876
1778 1
1089 1067
1007 1527
137 229
1205 1353
1065 1561
1841 551
451 744
1471 44
373 173
1706 1053
1079 1831
257 1725
963 1001
201 217
187 1025
1217 817
979 536
197 715
711 1488
1213 651
1743 1696
153 607
177 1541
444 933
1221 1345
825 1473
761 695
425 461
1538 468
1361 1401
127 1754
1880 427
891 1025
1110 826
699 1654
489 1923
101 585
407 241
929 1258
233 1441
806 249
857 773
1985 1656
337 1161
423 1841
1742 1427
887 1291
765 297
345 901
491 1361
1404 159
1169 1156
1405 1081
318 1731
122 827
802 765
724 773
119 401
1622 141
181 1641
1135 921
1694 1388
219 1769
937 835
1911 1089
1899 73
1241 1641
1754 1941
398 527
1046 396
1572 641
1843 1653
322 1569
1857 1709
225 1401
1537 453
305 145
1089 1479
905 1034
17 1271
473 605
604 1731
273 609
1678 1744
81 664
321 1
247 57
759 1801
9 196
1865 1305
1959 176
1190 645
129 521
1114 757
1017 1621
111 1876
1551 339
37 681
866 1943
1471 633
1495 832
1858 1356
643 789
365 830
901 907
1666 1155
170 1833
1049 301
1853 1703
1474 73
1466 877
622 1895
1551 1609
353 1541
147 391
1009 241
1876 435
215 985
1721 1345
483 889
1612 589
1761 1561
5 1871
1429 173
873 1377
1975 21
1763 1435
1793 26
473 408
1456 240
321 1069
313 1661
308 337
37 993
17 1616
25 526
1601 1890
469 664
1133 1336
1576 393
1404 951
303 1390
965 940
1253 75
1416 1
1945 871
1873 1577
991 1417
361 1351
1361 860
754 1137
1077 549
1701 446
1561 383
97 1201
59 1491
1523 1737
215 97
621 977
271 1669
873 1331
1074 81
1641 653
179 1853
103 890
1997 1923
1119 1551
953 68
755 885
437 1857
1613 887
433 1658
55 1526
193 1919
861 865
1103 771
1515 251
1715 1143
1846 146
43 375
1547 1389
81 483
532 1241
828 1089
384 1977
106 1976
1065 481
1921 1861
121 696
76 1951
199 1781
1101 479
1208 373
880 1440
1229 126
651 735
505 1481
733 1677
109 977
299 1916
1569 905
1161 1313
1773 273
705 1
1829 911
233 476
921 855
1540 1548
606 1041
1737 1477
218 65
1099 833
250 298
691 494
114 1532
1761 214
1657 1913
1878 1541
21 1264
335 606
1023 947
121 1835
473 1965
1089 1323
1984 137
1076 541
85 581
1583 1301
1457 401
1749 840
1901 137
882 619
298 97
1641 1477
549 1421
309 1428
1529 1098
1245 1976
821 914
795 1081
1921 1489
501 1180
1861 1006
209 351
1767 935
1779 1758
1828 361
1453 270
1761 1655
741 1137
811 948
225 155
49 73
1285 1539
1449 1161
1909 1671
448 1401
621 416
811 481
601 1441
1734 747
193 957
1265 1741
791 179
1151 687
1504 417
187 1451
1571 25
1083 1654
1489 816
29 1109
347 1673
113 501
865 65
1334 1351
1996 81
434 997
1297 917
282 1029
455 1865
1161 1009
1097 736
33 1632
1781 998
769 1429
1666 353
1326 522
815 1202
717 177
1925 275
291 952
1667 1693
1839 101
305 434
1913 811
1401 1068
1076 588
1449 701
460 281
649 1289
499 441
78 941
981 617
109 759
917 856
1721 1882
1703 659
598 1801
240 597
1432 1233
825 133
1531 1176
1385 850
1281 1214
1695 1705
884 1905
1729 1480
136 1233
581 161
1463 1132
1781 1068
101 217
1755 619
477 5
1321 1680
1054 1151
1841 693
1576 277
1465 91
1467 726
1671 745
233 1655
645 141
781 970
1767 1356
236 698
673 671
505 649
961 657
1327 125
716 1127
1822 793
1536 1585
1866 1259
737 1307
1963 961
1129 1964
1719 1742
492 599
1241 241
1113 1473
903 1145
1476 1677
181 1753
1601 1697
1937 346
1667 829
1883 363
969 301
1331 789
1241 138
433 329
426 1176
329 1395
388 401
1579 393
1151 317
57 909
8 1301
161 541
551 533
1446 318
1771 828
1726 1130
1155 1268
1023 1965
1448 341
1965 1977
1529 1751
1933 1945
1971 1983
1740 1322
81 1522
1647 1971
1516 1035
443 1425
1365 151
1585 1
158 1761
1577 1813
1536 1346
204 97
656 1565
353 1026
1712 1701
796 1040
1217 1165
49 32
173 1357
1075 1621
1629 1513
1933 1700
1372 1306
124 774
548 1122
299 1656
945 551
1187 615
925 905
1901 1723
1025 1037
385 1656
253 657
906 131
305 1559
146 1171
1521 1588
633 357
583 821
1233 693
413 721
1813 211
141 825
206 679
841 422
281 727
1741 1317
859 661
93 1226
459 699
1141 901
536 1547
977 313
1649 1285
759 481
1943 1517
1713 1620
1492 751
331 1681
889 1849
786 1205
773 1734
704 871
721 1716
849 507
1161 201
1153 625
672 1977
1281 86
1425 1351
1076 1257
1233 1376
1001 1898
1152 1693
1851 1521
1839 1769
581 1769
1448 759
1774 253
1001 911
744 103
953 1529
993 851
826 1171
1569 153
1237 1159
1890 801
329 1583
1940 1601
1293 289
41 962
401 521
1574 1501
56 1931
829 884
1135 1611
585 1529
265 1125
941 1777
612 729
1997 71
1101 93
1025 1251
1274 1285
1634 1047
259 1400
1281 1161
71 41
1561 881
1009 1457
589 422
665 801
1690 1633
645 1036
1716 161
1198 265
1073 1689
17 1901
1846 317
1827 1145
901 1929
957 305
766 1207
1937 670
1498 1409
399 753
1026 76
533 441
586 1889
1799 919
605 38
1475 1951
1537 1641
1894 1407
1557 1541
611 101
1937 971
1073 1297
56 1897
1120 1025
1505 1601
701 486
531 601
817 328
220 537
289 546
1518 1326
1649 1415
1493 1569
1506 329
545 507
681 1077
995 1285
153 1566
449 321
203 1521
1161 1221
609 1003
776 911
571 1021
1758 1457
567 1961
721 1389
869 32
1965 1821
1669 293
954 47
1261 638
1293 328
1901 731
1823 729
696 1105
646 1704
861 1561
1451 2000
167 581
206 1771
907 1873
957 811
57 593
47 1425
609 789
87 825
1675 901
816 1045
1223 9
330 1878
1633 514
360 16
881 1311
39 1213
1869 1865
373 321
571 1741
1137 523
126 1697
1721 1813
1509 265
1191 1005
417 21
1234 1011
1266 1037
1261 1645
865 609
615 642
1356 215
45 1561
1044 925
683 1264
381 289
4 1277
712 967
1133 1363
505 673
1729 1345
217 193
821 1372
1901 420
1416 839
1965 1763
1281 1762
712 1260
1709 4
1873 287
303 51
1244 426
1851 151
1081 433
1414 246
893 819
1611 605
1651 577
833 1503
161 91
785 929
1005 600
1376 1135
293 693
211 1617
267 707
1841 879
421 316
1729 193
1050 1866
91 1421
521 1000
1813 1274
1216 783
1477 377
1068 1916
897 1195
824 1101
1328 715
1949 160
1096 704
61 629
1297 1514
576 1776
1181 1199
1885 426
73 33
833 36
926 1561
427 99
101 178
1597 913
1466 81
1486 903
227 1849
1941 1504
1891 1422
497 457
1601 553
51 1621
1805 1235
733 1479
292 1811
1851 801
1525 593
1436 56
1437 1169
275 1087
1401 1991
1266 787
420 1423
1601 1244
1206 1489
787 998
1748 641
1261 1476
1901 6
280 381
249 834
1801 1201
1121 1511
1789 1537
1601 1453
2 1169
777 1753
139 753
829 1177
425 1477
1681 1219
1842 2
704 1717
327 606
241 1573
1911 375
621 1677
1211 1573
1191 1921
591 1607
17 1061
857 641
288 423
917 898
133 1911
1813 905
259 1081
183 761
1745 1201
1381 1610
738 431
1904 791
1928 1779
528 1281
1622 333
1429 1531
1465 335
441 1193
1501 1711
1993 1945
1829 1025
1889 1875
1845 1537
1242 1461
497 865
1017 1827
751 994
85 1967
1793 379
915 1621
1928 1495
336 391
1452 873
90 41
173 1021
170 223
1240 511
1781 1025
333 932
1501 871
1701 89
625 769
561 669
577 385
1628 457
151 305
917 1648
1979 164
1045 26
1657 1932
1245 1758
913 1303
1726 1235
921 1291
1931 601
817 325
216 595
1405 477
689 1417
337 86
241 221
1515 271
960 1523
1002 277
761 1541
1490 1793
683 1435
753 1213
1041 1913
328 296
1697 826
191 203
705 30
1721 1384
898 1241
1040 1695
701 1761
1409 1811
1393 1101
339 1285
154 1829
626 1724
1989 121
575 285
1388 875
175 1498
1401 1765
1 1283
1756 1951
1190 585
1002 497
318 1481
1889 1286
1852 708
972 1771
385 1253
1159 933
1497 391
1395 737
355 1685
291 781
201 105
353 1906
1049 476
1119 130
1562 621
1864 513
1279 418
1695 427
1921 1706
461 277
1327 1185
651 1900
499 1287
490 961
1485 1891
501 1501
630 853
793 1289
1593 1517
283 1921
835 1558
1475 881
986 501
1552 1319
1669 1161
1841 590
1209 4
249 673
1023 1829
1521 266
1879 1874
827 1768
318 1633
771 490
355 356
5 289
605 1349
1145 1397
629 1073
371 1805
575 458
947 1340
1303 220
1146 176
402 777
1381 541
218 724
1801 657
1361 1603
1526 1431
1597 981
1935 497
901 1893
1211 1695
580 1461
1679 533
1881 917
305 1766
1113 1717
225 401
1773 241
1441 907
1076 325
1761 1227
336 506
329 1286
290 193
793 777
201 1861
1527 1158
1481 1768
1759 1129
1523 293
1652 1726
1051 712
1333 607
311 1827
189 813
705 636
888 1209
190 1689
1741 1481
549 1635
977 716
901 61
1753 1215
1583 347
131 1698
1985 935
21 237
1123 1665
1972 1313
917 107
1493 717
1 181
181 641
651 1288
637 1125
1321 1813
675 1333
601 1256
1363 1590
1441 776
345 1869
1673 1007
1842 1606
641 1685
557 1452
1011 1137
898 641
1259 1145
1186 1622
171 1565
1026 981
1833 1149
286 541
1179 1819
726 8
751 969
951 1321
81 1579
1291 265
516 595
334 1601
1443 1441
1229 1017
151 149
421 712
1687 161
641 423
704 1756
747 1223
1482 1651
61 1773
1187 1851
41 466
75 641
1769 417
1270 1054
641 977
501 745
1766 31
1657 541
373 837
1297 657
1765 435
904 353
147 150
1737 281
1249 229
431 1445
1429 255
741 306
610 249
1913 1965
265 297
941 537
1369 1581
614 1601
1323 929
1289 1461
599 1201
652 1341
1017 1251
793 324
1445 1697
1847 1809
1491 1257
1873 550
783 1481
1212 685
897 301
876 753
1321 1137
796 1428
671 1331
42 1601
1943 1955
793 1172
1325 41
1681 1208
1777 1445
1859 203
1701 1054
1493 1601
1052 1841
1545 993
1581 486
1581 1561
1801 1217
1411 681
1373 1481
1160 146
1501 59
250 1713
617 1216
471 1748
591 293
933 301
1245 375
1181 1601
742 823
1898 1977
1281 1501
657 553
1817 281
1801 737
1601 1425
161 31
1905 1193
1129 684
986 1203
1433 1071
1205 273
1081 93
534 721
1831 1701
531 1283
1072 1085
935 1419
441 1881
57 165
701 1460
1548 206
401 609
1511 1448
861 1438
581 1835
721 1473
1841 1311
1881 869
955 859
1028 303
1164 532
1161 1284
1612 801
81 498
1181 1196
1821 941
1776 1978
1784 1045
1103 627
1551 249
1480 669
481 1799
1873 705
345 1624
761 911
638 479
1418 1607
1641 1924
30 1151
654 1079
1501 1913
540 1913
1756 601
1336 421
498 1525
1997 1309
368 351
31 1103
547 1357
1665 837
488 950
1877 362
893 1730
1090 1525
125 1375
1541 899
343 1709
1911 1525
1841 1239
1495 121
1 586
369 1761
68 1101
1123 160
1805 1586
1377 1125
108 121
1497 1541
1706 599
1086 1657
274 783
1463 1999
737 1621
935 849
1917 35
441 153
1365 631
693 1927
1281 734
1553 1
1217 40
1421 541
797 1851
131 1054
497 721
1713 1813
345 1376
1831 1017
1105 1126
81 1395
816 1272
31 1089
507 1780
149 845
1681 1383
673 657
741 1689
403 1101
1631 56
145 1847
1637 1176
36 551
889 1953
1806 1401
1527 75
928 257
1749 1049
1011 1369
1441 801
1474 241
144 1114
1946 1278
1481 1442
1637 181
1701 721
149 1709
1257 1877
553 1557
731 1332
385 1393
1899 954
543 749
984 489
1998 1576
211 961
1317 1581
1701 1631
225 429
149 1293
591 1386
1535 509
305 794
1151 1888
724 167
1541 327
1417 129
646 1873
221 982
1380 1201
721 833
873 936
391 659
1196 1539
986 1129
361 31
1549 1833
5 706
214 633
193 201
1816 977
201 1866
687 1159
1409 461
1457 99
601 1269
1501 803
734 41
575 1597
1737 1513
1710 765
1721 141
138 1919
135 506
1761 1442
731 1022
781 147
1023 503
136 253
462 1501
1053 1
522 1009
1756 11
831 717
1929 522
1436 1
1072 1907
1714 736
1723 1057
754 1
1014 5
1043 249
1857 526
1915 1241
751 1560
911 601
1609 838
916 153
996 1653
1101 913
1921 1327
645 736
1727 1633
1593 1
731 961
194 708
172 1840
1041 1661
401 1871
1393 1329
481 402
1193 831
496 1023
223 961
13 881
1651 584
1746 937
491 1469
61 509
1212 959
537 401
1599 1871
89 1819
420 1761
1041 1641
1127 1521
1485 1556
289 1217
1958 1521
1074 1627
981 231
313 1254
993 284
751 840
113 1089
1153 168
1001 306
481 643
292 1745
1471 344
1257 1777
381 1921
1983 615
1465 641
1501 782
1395 1393
441 31
906 1407
1841 358
50 1929
1381 1077
606 569
337 166
615 891
1764 101
1119 1075
1286 1371
751 201
329 1751
1605 1591
663 1281
525 1631
838 1297
147 965
1935 225
241 1977
681 1301
126 961
1313 664
1141 1447
1398 651
825 916
661 932
821 1953
1461 353
443 1831
141 441
1181 641
716 363
723 1261
1581 98
713 534
581 913
1081 431
1605 17
1412 1099
1841 8
128 181
238 1114
207 1055
711 664
333 409
54 344
105 663
1751 1440
9 1
1657 1638
1785 1745
1279 1676
646 1039
1916 501
1157 1201
1918 502
393 1169
441 1317
577 1209
42 1931
1977 1095
1176 1621
456 1155
365 1601
1893 651
777 393
345 834
641 881
745 1401
1791 673
1199 1264
454 1986
499 1889
674 1057
521 1515
431 44
817 396
658 726
1569 1409
1131 1101
1791 1005
1006 1721
1641 751
1881 365
1745 940
1041 363
1579 1331
697 1179
261 343
102 161
65 179
1561 835
1201 592
761 179
1101 564
1691 1506
733 801
1121 339
709 1697
1649 847
1182 476
891 1901
1065 1717
793 1781
759 1678
861 387
1385 636
1109 1613
357 1121
687 648
923 225
1651 145
225 969
1759 425
681 1289
803 1154
725 1643
777 1873
169 1432
1113 101
1051 1269
465 1234
1083 1678
925 975
741 1813
653 1023
1598 434
430 1991
1745 1932
1506 751
441 1769
661 1721
1049 1081
1562 1311
1165 1963
743 336
637 930
1761 13
1 1677
1221 329
1370 1971
941 231
907 360
165 1499
106 1395
339 1401
1211 1646
433 1475
501 402
1392 529
593 441
816 1996
183 781
401 348
1866 1361
290 856
1291 1401
603 1509
1553 1781
1788 1
928 1285
1376 943
959 203
729 821
949 17
581 249
790 255
918 521
381 590
188 721
257 614
1396 819
184 1129
176 1823
425 1911
1505 1667
1015 457
135 245
945 99
1830 1087
1201 908
478 91
1273 76
153 220
1642 929
947 22
1653 1909
765 17
195 587
1989 263
201 881
1441 1001
1295 693
1376 683
701 121
991 1223
47 876
1386 1501
1221 1177
1519 443
921 801
1061 1457
1921 1503
497 995
1286 1617
1391 1577
1529 761
81 1729
1181 301
1577 453
575 400
1596 1089
1425 1775
1597 1959
1675 1226
946 181
1148 355
958 999
1836 861
1051 1831
685 209
1159 1423
241 1849
1073 149
321 401
1707 1800
1304 155
881 1366
892 1601
1705 1356
101 805
163 329
1021 1601
35 1137
161 567
1057 1616
1677 53
1616 1913
57 827
1537 981
1929 1773
555 841
1211 1757
1581 211
753 119
1149 298
1921 905
968 1249
867 1794
1421 1070
753 1273
1147 1547
374 1301
1706 1733
633 1986
1421 1523
1247 1157
929 427
1339 1444
1509 1457
45 1711
323 678
1657 1517
1881 979
1321 569
536 1761
554 1969
1046 1894
1389 1281
131 1227
1725 1745
1687 231
263 161
833 1801
1141 306
761 1321
1081 33
1250 158
465 591
1689 831
1707 727
601 446
396 1971
1873 1151
1117 493
101 1449
241 945
881 501
1253 1499
1225 793
1931 103
1371 209
1686 1209
1063 1388
1459 657
626 497
456 985
1089 1173
1322 137
409 953
1911 398
950 141
1946 1773
112 705
1459 627
2000 401
144 1009
1651 687
97 1895
670 1813
1957 946
1793 857
1361 561
359 1451
1465 105
1212 697
992 437
890 701
1051 1826
1185 342
1761 75
107 153
265 65
1019 970
1466 1094
1431 1001
1711 988
240 1853
961 400
1977 1078
1201 780
841 484
921 641
1520 1202
797 965
1749 1557
1311 668
756 806
1978 760
1921 529
11 377
1285 881
1961 1351
331 1371
1841 1581
1968 1149
43 961
1676 1417
1867 787
1561 1799
1319 1585
385 381
1328 1916
1873 765
1937 1991
955 1569
577 1169
281 217
1501 1640
1481 733
421 1501
136 550
1404 247
1645 857
1221 505
203 204
1105 1977
1425 180
272 1633
1077 721
1468 971
1556 1004
321 1553
741 1054
890 1837
457 1079
1457 837
933 1905
361 801
329 1861
249 481
1433 701
1593 561
129 446
581 805
1114 1871
1431 967
1332 801
1329 215
174 748
685 1392
974 1183
496 1572
1101 791
1877 937
1738 1091
301 1651
1401 66
769 433
728 1529
1691 1095
257 1374
1201 551
437 1761
1529 121
381 1376
1292 1708
1094 108
821 586
721 1941
821 813
473 851
209 1645
1418 326
1413 1927
921 713
31 1793
821 1997
1055 481
90 1726
991 241
1613 705
821 1271
1697 1476
1287 75
828 1649
281 449
1281 1238
1655 1481
255 1633
1391 1249
1481 1135
1201 17
29 401
91 265
469 1425
85 841
913 930
1851 1511
1869 1926
1571 1241
1851 1799
1438 1866
9 1965
1972 1997
474 1661
1105 129
1388 1641
732 1808
1601 627
1773 385
961 1771
153 1648
1467 420
859 201
801 1315
161 921
1051 991
1591 561
1022 957
121 1401
1025 809
1561 1829
1631 377
265 1401
1521 497
1621 1702
127 1989
1509 39
657 665
1903 37
326 1041
1401 733
1443 813
1791 1806
1267 1506
1109 1001
11 81
865 463
647 1934
1497 1001
186 593
1348 1609
1379 504
1488 1237
1478 1777
1921 1903
1038 318
1714 545
1533 601
505 1015
1721 1670
719 491
75 315
1593 894
931 1466
639 509
1211 1801
1079 1601
1389 33
493 476
1791 816
906 99
272 922
242 801
1426 109
1276 991
1169 1673
800 345
1996 1333
1046 1221
905 187
551 1749
1011 937
227 853
151 773
834 1871
310 1641
339 969
1226 151
1953 1251
1957 1377
1081 1001
1763 1736
21 1840
1839 585
484 114
113 401
1787 1855
587 1364
1241 1326
964 1547
1107 207
1865 335
21 453
361 351
994 1703
326 1734
907 977
1974 1639
361 1151
1 353
203 711
445 574
1245 385
241 999
602 648
181 11
341 1809
761 1845
257 559
1237 215
1821 1057
525 1324
1733 75
1530 729
1830 1923
1536 1401
1761 625
996 1880
951 911
1452 225
461 451
1083 711
281 1569
1904 1913
1951 1
955 945
1939 305
977 1875
771 849
1855 1490
1557 1097
1480 426
421 451
1466 1945
972 961
741 1681
622 601
1469 1801
1856 645
1214 281
292 1539
1201 306
723 1951
933 1954
1413 1420
186 801
1341 1901
1041 156
108 199
451 977
754 241
813 1703
1732 32
1226 493
1483 550
701 1469
1 26
593 263
1421 17
630 1051
58 224
199 433
1801 442
13 1897
887 1421
249 1758
1671 266
1241 1393
9 1851
1171 87
1279 1349
1926 803
1845 1179
281 1651
1777 797
1275 201
1617 129
529 1201
377 1964
765 567
1381 617
167 123
1727 60
981 975
965 1097
536 1626
961 1845
1003 1532
33 317
117 356
361 1998
1562 1401
538 978
489 1041
579 1297
1985 271
1466 1895
1817 728
583 704
256 1201
418 1729
1267 1381
1833 561
581 49
35 858
265 1549
609 687
212 796
1909 1033
1386 785
681 689
747 1281
1343 1799
273 1549
1521 731
185 339
1063 301
401 1951
1537 926
831 1075
263 1139
825 746
349 316
1948 1551
585 385
1649 14
1101 1633
1841 1333
1941 1652
1659 1149
129 370
1916 151
1497 937
610 1251
1844 1441
1261 849
1209 125
663 1413
481 1361
577 1811
1419 1558
352 161
806 44
88 1579
977 1646
1343 740
193 1637
69 65
1425 375
1370 1430
581 245
1262 1917
1136 101
575 695
1280 1195
241 318
656 1097
23 184
1501 1929
80 945
661 57
453 1791
1022 621
151 89
599 1158
266 1086
24 224
1653 941
285 376
1397 773
256 1342
1589 1399
341 347
1511 386
1249 85
1606 1443
929 91
1405 1011
1937 1697
645 878
557 1301
101 821
1154 441
270 1843
1351 1201
268 145
187 1053
1921 770
1627 1508
1217 481
1433 1701
399 1463
591 1145
106 81
753 951
1831 641
1666 1916
391 1111
933 814
1336 1959
1221 1857
1425 1263
336 1745
1731 1357
499 49
1966 1917
849 1541
1973 1055
1283 631
1837 1357
171 1281
1797 1443
1871 971
1761 316
1115 1879
451 1503
933 314
689 787
209 865
272 587
17 1489
1759 106
1841 1651
1241 977
337 143
707 1781
1488 1135
1224 351
925 561
711 1928
1658 355
712 1781
211 1569
1701 1981
1221 1611
1636 1753
1801 1561
311 921
1861 1629
1570 1406
154 1433
1477 1733
911 859
61 101
921 457
941 1841
1778 1201
1245 1791
1147 18
1199 226
1063 1332
802 681
1357 301
611 846
697 1485
8 911
505 501
84 1401
661 635
1704 1223
1027 733
1513 1762
889 1360
1011 1585
63 1697
641 494
1151 1677
514 273
641 1970
557 1609
35 906
1693 801
141 509
1851 1490
1261 757
465 1633
966 721
1723 303
829 50
74 1551
1821 33
1695 151
1081 1639
1094 40
199 226
1825 497
1981 139
1606 1069
754 204
1761 553
60 1537
608 1015
745 217
669 137
1281 662
369 1318
101 99
952 1061
646 1496
75 1567
1881 1801
1901 453
1911 1181
1959 1286
1249 485
651 1709
238 1377
1921 1923
1111 1671
595 126
161 385
326 938
401 1421
1918 1028
41 230
1445 313
1126 1062
338 603
1025 53
1518 1233
641 535
1979 709
825 1285
1245 837
946 1942
203 846
531 1355
52 1526
1363 726
630 1081
477 231
1446 1301
1745 1441
1525 820
1258 1487
1858 753
1470 311
833 407
121 1379
785 1674
539 281
1041 1993
560 1705
266 973
1591 1231
985 600
226 1277
869 1977
171 1514
1977 1655
1307 1081
533 283
1681 1775
343 609
1002 357
895 1591
249 1983
230 1763
1305 739
953 1951
1821 1587
1311 667
881 784
1625 223
1460 251
921 1436
113 1292
1001 1141
711 263
1135 125
803 1972
1790 1875
513 371
1220 1199
1743 163
1625 1362
321 1153
1341 1385
507 810
1339 1759
602 779
1389 925
1783 1466
1577 906
1145 1263
1072 1393
1531 561
7 1562
1926 674
1521 1451
1153 1521
844 1667
1821 1176
1929 1871
774 1365
961 764
1569 355
920 1378
1045 1481
1029 267
1636 1412
48 714
1765 1591
616 1807
1937 1977
1070 273
1999 232
1522 361
142 1795
277 729
278 1436
894 1141
1895 1601
224 983
731 78
1451 625
1269 781
177 1733
1704 337
833 461
461 882
1276 817
588 1189
1617 233
959 609
1501 805
11 1121
1257 1493
1101 865
1874 521
441 1090
134 1662
1261 334
1036 627
337 213
406 1922
341 1261
553 191
1089 669
77 1134
65 981
1417 157
751 459
1031 1515
1855 1834
161 249
1263 1281
1235 484
293 1050
769 77
1601 545
1971 837
570 225
129 355
357 1217
405 1511
1602 1541
331 479
641 732
273 1081
1925 641
1179 15
971 118
234 1255
1220 1013
277 501
17 1413
1521 301
195 1137
1081 1386
495 1206
1679 273
810 1527
161 889
653 1395
1877 606
621 1480
1120 1409
581 1806
458 461
1661 1671
1825 13
1161 1441
1825 1561
1751 191
167 1985
246 1713
1 33
996 181
59 381
686 177
19 1393
237 481
149 882
121 1986
1485 1684
15 1769
1148 1841
233 1461
1067 1385
1617 1817
1569 1
771 245
1633 881
23 536
627 1434
481 801
1785 1842
601 1531
581 681
1121 1089
1081 842
1953 1651
1241 1752
406 1801
1825 1792
1365 1461
76 1778
1670 1803
471 1490
164 860
461 1089
13 1577
1010 1545
809 958
87 1073
1920 1909
897 1768
1001 1481
563 469
1337 1277
1413 569
941 81
831 1916
785 1080
24 1861
461 1823
1473 1777
45 1848
1561 745
1158 51
1349 102
896 786
251 153
301 161
521 1663
1399 1841
658 1
1143 1627
519 1601
731 1461
1553 285
1516 351
1380 689
1601 1378
300 1081
1251 1826
825 785
1849 1300
351 1501
1280 971
1201 1935
1625 341
583 11
357 452
1474 1819
799 926
1579 1825
1261 1585
583 1196
1160 1277
1137 1665
95 1201
1514 1161
1103 249
1871 841
301 1945
833 1301
1733 246
734 409
801 767
486 1846
1231 301
1287 221
1501 729
145 701
1935 861
97 901
459 1144
1 1855
1393 1527
1239 449
1931 197
525 1
830 734
886 1155
585 1833
153 497
76 1841
273 1369
1813 463
1284 546
105 1921
1649 1829
1981 1825
525 165
576 1088
567 993
1337 1545
1665 1489
1409 1677
1823 531
1601 181
1542 788
1231 369
1301 330
1784 1930
839 1791
22 1757
1911 857
553 986
1953 1601
401 1681
1896 526
473 721
623 1401
861 1131
881 704
1151 78
45 865
501 1257
955 726
501 1186
1511 1153
249 1201
488 111
337 597
1707 126
1383 153
1871 1621
1771 191
1474 1977
1261 701
111 1681
1545 1611
1449 1551
1681 725
1157 449
1721 588
553 287
1540 501
241 1420
1826 1465
434 651
613 1393
772 1209
21 1243
129 1592
1666 1825
1458 736
1337 801
61 719
1721 1425
985 1457
1828 1101
1381 1809
349 629
1113 1686
1497 1913
329 1701
677 876
1301 816
1776 493
1631 1142
1977 1734
813 1261
166 601
1913 495
1553 1631
697 761
1667 833
501 1715
21 441
52 1121
941 939
1865 791
303 1465
701 596
331 1119
1601 1537
1145 1821
1315 506
833 233
1310 22
849 943
1760 460
1470 1664
193 1553
753 481
1437 1342
1209 321
1269 271
213 339
1489 1561
1197 337
963 1527
1271 1393
257 77
1269 1169
1 567
1671 751
1425 343
441 1970
1025 1219
326 1617
1491 847
150 1341
477 1448
1541 1577
1889 561
1754 561
1976 129
1786 337
1759 790
1961 326
1405 1827
1527 351
167 36
1535 905
625 577
1805 1861
769 631
1646 1825
1781 1337
1173 1197
1901 671
1827 553
1201 1421
801 1489
238 1571
1115 907
1649 405
1685 934
1539 875
469 1507
265 1161
1177 325
601 1481
1201 531
451 6
621 425
745 1721
737 1609
1213 706
1441 893
849 1226
177 1042
531 1705
417 1143
1497 626
277 781
1399 657
1257 1841
126 1240
551 133
46 1051
1828 1249
993 1137
101 1961
753 645
1629 776
865 1601
478 1681
765 1156
536 1852
113 165
651 1092
1513 1553
545 799
1951 617
1378 721
831 1560
1501 211
892 1609
673 251
718 216
1233 1561
1718 939
1831 1531
453 1131
1631 1924
1703 1213
133 126
1763 129
1532 1439
481 865
1869 161
1953 1313
1442 189
301 1515
1201 637
633 1925
1226 1772
1771 835
1779 1225
1984 595
801 221
1332 1561
1549 1481
436 1597
1462 1041
1329 1423
901 1027
1953 755
1745 1461
1571 497
296 525
641 738
833 92
1881 196
1073 1691
1354 897
1591 397
938 993
1649 383
255 69
1000 862
433 1453
106 1256
1801 490
801 882
1756 267
571 1105
385 1056
9 665
251 717
1642 1141
848 1757
1122 1907
1623 383
41 1406
469 1561
1043 817
433 109
1959 848
1073 1085
747 1737
1782 171
965 729
985 1729
817 251
1117 1161
433 1305
417 1656
785 1481
1443 1911
425 401
571 99
217 1801
449 601
621 1887
1505 1396
95 1116
1041 1761
1385 337
871 1720
849 997
36 512
827 1700
1046 371
1137 457
1537 869
1373 273
1361 1344
1155 19
155 1253
295 669
1305 1661
501 154
296 821
1415 1199
351 1069
1488 1957
45 571
767 295
401 79
1233 294
965 1505
69 81
999 1961
841 800
256 1675
981 1252
361 1377
833 935
298 511
585 965
1036 1125
581 911
391 1997
1257 1881
13 872
1421 323
366 1636
1937 1757
19 441
609 1080
675 1163
1793 1414
1137 1053
193 1096
577 289
1449 599
1959 440
841 1326
726 1401
691 823
1421 1756
121 296
741 693
196 1789
1325 1393
737 1781
1110 466
1397 1992
1703 33
679 1554
1898 1077
731 315
689 628
1296 625
561 153
156 1226
1322 1345
1038 1973
256 307
513 737
961 548
1927 691
166 225
606 1808
593 1645
447 321
821 1405
356 976
275 1031
1501 497
959 1371
961 641
1351 1297
1643 1
553 807
1066 1209
1596 1793
609 1991
1121 1377
1237 337
281 1710
1405 33
628 1973
309 190
246 1048
1513 1507
1786 736
1191 539
940 1271
1801 855
756 1677
1693 1537
1976 1776
910 491
385 251
731 1011
428 1556
413 248
189 351
726 1705
887 833
313 1157
1662 1017
244 1175
15 230
298 1448
1642 1529
3 565
934 226
808 1273
626 193
1361 833
711 787
105 581
1677 1901
1251 128
253 1601
673 1931
969 189
1617 1593
940 505
1989 901
189 41
105 1001
893 1178
790 465
1339 1630
1231 1739
69 1023
726 191
1799 1345
1788 1113
249 1577
873 1711
1367 1985
634 705
1151 109
1933 1521
1107 1597
907 1665
1961 70
331 1511
1239 1737
657 1295
1443 1759
1496 297
1441 1329
1971 1
287 540
971 385
1523 1785
649 1825
1501 1166
1601 477
397 1009
1621 11
641 1653
489 681
152 181
1133 1636
1518 437
1099 1867
1780 1
1300 200
887 1809
1011 33
441 594
1533 561
1541 1786
1666 209
833 1697
1305 658
618 805
757 986
1933 129
561 1753
551 215
1249 1627
98 59
400 1761
1570 1599
41 1505
1258 1269
961 1141
65 1761
1801 685
1093 985
242 935
1389 711
86 1315
926 427
1105 1123
1701 201
65 1125
1610 812
505 1041
1687 376
1114 1505
1277 1
271 1121
751 1108
251 1847
801 1281
203 1725
490 945
769 1504
1115 169
1897 145
1121 1977
35 1505
1240 37
1914 1441
39 1726
221 1601
28 1896
1903 1618
1121 1496
1158 321
93 1457
761 1906
1841 987
751 1272
1551 1173
200 625
1394 1785
1646 1665
172 1014
201 101
1551 1645
91 1393
961 1103
78 1661
1985 198
180 485
215 409
1705 1361
1796 113
516 21
203 891
769 43
889 1526
569 325
1878 1801
1575 1351
1002 1221
1231 783
1769 1439
1921 622
811 13
1649 1001
436 701
236 1389
700 893
390 1630
49 908
599 739
265 1056
1349 1377
763 948
1746 721
121 497
1467 721
1947 1501
609 1779
1695 505
939 1398
637 1803
463 1241
1005 630
333 1375
1981 1491
81 1851
1006 756
1617 1876
180 1249
832 1006
1185 1385
1368 737
457 257
1339 971
325 122
1377 1976
345 801
1881 828
232 300
601 1371
561 1431
5 961
1731 1825
1693 959
297 263
1837 49
1626 745
1481 401
1565 1989
25 1521
1853 1681
48 1171
333 1690
1861 1801
541 1579
1321 1865
689 16
1785 641
665 609
917 1122
1710 776
137 952
811 441
1501 857
1816 853
877 1369
1293 913
1041 446
1901 81
446 1571
1138 193
1831 1946
1776 1303
870 1367
965 813
1411 441
1034 741
953 822
665 977
561 371
37 1834
1776 1641
1381 173
158 1303
1530 1491
1341 943
1613 941
1969 1433
1711 406
110 1801
876 929
1213 961
605 1357
493 316
1616 1009
1076 1694
1759 64
992 1211
1489 837
1301 1045
1163 1921
1819 206
1011 321
465 336
1671 1806
1279 575
56 926
1881 1221
1297 523
1321 769
1358 391
561 1316
1568 931
115 1721
1009 1451
1680 309
806 511
1112 661
1445 688
1229 304
1341 249
1673 682
541 1959
229 1060
333 837
321 1917
1532 316
1621 1776
321 1745
1655 838
1769 721
58 102
1933 469
1303 526
1381 1391
1545 433
1595 1761
196 193
1593 849
1001 1438
713 737
1487 1786
1184 133
1313 1169
906 1115
1261 1587
935 1261
611 1441
376 1099
1565 231
1829 1681
205 1926
254 803
1401 1296
1296 1661
1673 1041
1853 1657
1009 737
1701 1305
841 1
725 301
1 1239
448 1051
415 1469
1641 1433
1317 831
1592 447
1573 1530
1907 1942
213 1857
1109 802
1089 741
1988 641
1504 187
9 741
1553 333
773 467
803 1873
1677 87
1857 1521
185 163
1953 1230
469 849
516 955
463 1481
1671 946
345 462
57 81
612 771
1073 1501
1598 1729
923 1887
1372 766
1631 375
1649 1821
1979 1837
1017 1893
180 110
535 801
1489 1540
1155 201
1059 741
1400 1207
1301 276
1249 1395
815 1877
1915 1129
529 119
1815 1451
1451 813
481 1313
1285 837
964 513
589 726
1201 1167
1991 1985
1439 792
105 76
1759 983
1833 1753
1744 1571
1361 1751
65 1597
17 1167
509 1521
1491 1985
627 1972
126 1255
927 868
1480 1321
1377 1124
1379 423
458 396
548 526
336 21
843 815
1961 1541
1416 466
1677 1966
217 1361
1521 1579
102 681
845 956
1155 739
1387 27
600 450
1793 1511
1958 301
995 783
1857 33
865 1666
1441 241
1 159
1397 682
1460 513
1443 1129
386 5
41 1628
1717 981
751 1805
861 673
1057 477
1316 463
1442 1633
1834 1545
1333 455
311 513
1125 169
1131 1682
1201 384
1993 1163
984 159
1914 610
607 341
1054 999
161 1985
1031 1463
113 1015
609 1217
1153 615
364 1405
180 1145
621 1333
933 227
456 1711
673 491
1546 1271
1041 1276
1724 1672
1576 681
557 1785
1661 1260
339 1733
851 1961
1001 1591
1681 271
178 1353
514 50
132 1345
1321 1275
685 1771
277 141
834 1100
1179 1600
1427 301
849 873
896 1938
369 1828
513 1204
721 1177
917 201
756 1897
201 1385
991 401
1801 1640
593 1075
1491 1096
1371 31
1028 1185
393 135
1921 77
669 886
379 381
151 1129
1211 1809
1100 1101
176 1321
105 1351
1337 385
929 441
1961 1803
1876 311
896 1542
1501 1941
941 1765
553 1471
403 135
1829 767
239 1328
126 1210
1702 1641
1842 1597
1041 1657
1282 901
209 181
697 1024
276 1325
1207 957
87 491
1689 1821
621 609
232 609
487 265
70 74
1201 1315
1247 1321
1897 33
611 991
1469 1737
437 121
681 1559
41 1377
1833 1801
1086 1686
1411 1756
29 1572
563 513
543 677
1101 161
213 67
1182 142
1626 1313
441 1551
27 1851
1655 201
1589 523
1801 1716
1305 847
857 1410
651 1093
267 1737
761 990
1377 344
1921 1189
463 1916
1058 1221
1617 761
581 145
1259 877
1681 313
1281 21
1108 485
885 1061
1719 1409
784 1821
1974 1648
1761 241
1959 1724
1401 1932
1704 1771
1556 401
1043 1
609 1576
1837 1217
1432 1
562 293
301 203
277 1833
1487 250
1737 705
1089 1545
227 786
367 861
137 1136
307 1511
651 1065
1801 1930
897 270
1921 851
806 12
675 926
1813 1945
1969 1925
899 145
1249 1489
1341 1030
879 720
1999 970
1543 645
1675 983
1821 1454
135 1269
64 1674
233 485
664 1761
1153 801
1141 1858
1721 81
1266 690
510 576
161 1815
635 861
1985 483
149 1440
1247 1826
886 357
1741 1990
1053 1881
31 140
1593 386
448 1481
646 351
841 1746
1446 1046
1585 1593
1394 1650
1876 1137
91 279
1554 1793
961 107
1381 705
1713 1777
681 101
911 97
1761 1377
159 1805
1478 1121
1009 1961
1901 1307
541 1792
1401 1371
1396 1691
605 187
622 1264
1281 1165
677 1381
1208 809
1923 34
1011 1101
797 681
176 1863
921 1716
1541 891
891 769
1032 296
41 565
1153 1165
640 1753
1297 1968
472 1079
641 601
734 1605
1021 957
116 1327
1701 1119
647 1769
901 1065
1434 346
889 371
681 1925
1057 489
1910 1404
553 1073
1030 941
121 1052
1782 1489
213 535
608 176
327 1331
289 926
1302 1661
1077 1531
573 1953
1155 1093
628 289
805 897
923 1609
321 1802
246 1001
148 761
294 1580
868 1571
881 90
1505 1801
1916 617
1501 436
996 789
1985 585
1458 1380
1765 746
1671 1345
337 1432
1020 1327
620 1441
1276 1721
0001001000011001000000001