2000 4000
1681 1089
1993 1974
813 1141
1280 151
229 1879
601 1241
1627 1945
410 476
1977 1401
165 1681
1076 1335
1142 523
224 1785
64 237
1432 481
1605 1465
1529 853
301 1441
1005 1671
912 1351
698 1329
681 726
1256 217
1401 1773
1826 663
288 1857
556 1591
1301 1931
163 701
516 1889
1336 711
1129 827
1177 1609
709 1017
1001 1841
285 1135
721 1759
407 1648
319 163
1165 81
901 1957
1385 720
486 401
916 1669
1 161
1685 1721
1655 361
298 165
1001 466
1576 1828
250 169
1577 636
985 1167
113 995
1321 181
1617 1743
1222 275
1829 637
141 432
841 459
1310 1833
1651 1982
1484 705
449 1865
529 33
761 603
981 1389
219 1001
59 1265
1041 1870
1597 1649
1573 369
1167 290
559 850
1517 151
217 1778
1871 1131
929 1321
1482 968
26 1211
1583 77
1437 1431
1060 1716
1211 2
289 171
41 1504
961 193
269 384
685 568
524 1513
1669 58
801 597
213 1071
1327 1521
1871 1228
1549 1331
1341 51
555 1417
921 1253
103 1733
1713 1991
1346 611
838 1261
596 51
399 851
1157 118
485 1810
745 1704
1191 241
1821 397
962 1412
573 1809
1215 1751
1129 801
285 719
961 1859
1655 1489
849 284
311 1371
987 1175
909 1040
1532 1423
1801 165
1907 291
1441 801
1001 478
1161 1925
707 1601
306 1465
1649 1697
189 785
1941 945
1736 681
1671 1259
1497 402
714 147
1161 386
241 1801
289 434
1373 1947
361 582
1866 103
1865 1575
11 116
1348 1825
141 81
969 1309
957 1279
497 545
51 262
1960 684
1865 701
819 1007
1751 207
1315 1795
1373 1651
941 1567
473 1785
231 1805
130 1793
747 1257
1794 565
321 1159
884 1625
1260 100
1101 1310
129 379
162 773
401 141
1311 1913
128 101
51 1471
1881 1777
790 374
838 129
1739 513
798 241
1287 9
1639 1115
1026 165
181 1881
681 966
1177 211
1989 1319
691 357
657 1689
1385 1361
103 51
368 1149
1495 921
283 643
630 901
855 1201
1201 1001
559 522
1645 1006
1037 723
1337 123
1733 857
1233 121
55 163
1191 1271
1899 289
161 1098
695 151
541 1266
1889 1
1446 246
1981 27
81 1627
627 1541
1601 741
69 381
1766 1018
1018 955
951 1892
977 941
1549 1989
1869 501
1409 1262
391 401
390 621
843 653
261 1990
719 454
401 500
245 141
501 1797
1521 201
201 73
1131 501
1475 651
1057 1025
47 1061
1673 1011
1148 27
212 1373
1775 975
1831 1374
207 1581
1887 399
828 89
1213 566
24 501
1171 461
841 763
781 1925
1801 1911
1986 843
1421 1
565 1749
271 493
44 1229
1383 1195
1656 1576
105 1209
1105 1026
433 983
151 711
1245 207
1251 775
1701 1919
173 701
191 176
1195 785
911 317
1271 301
1385 371
86 1921
1451 1752
1001 1009
264 1307
1969 1089
1812 1
749 1053
1361 925
956 120
87 301
1417 1311
769 1196
1615 2
151 1777
1529 137
1311 1
1841 185
1589 481
421 1599
131 1529
1029 1657
1695 991
93 923
1006 64
441 881
1461 601
101 1985
1916 1285
601 635
691 852
1807 1285
251 1940
581 1635
1477 489
1521 140
1630 1
155 711
203 1136
513 508
1393 803
896 1713
54 1189
701 1093
1906 1189
1739 969
1741 101
321 591
411 865
381 497
1919 1171
1623 141
465 161
591 864
1088 479
871 1985
1751 511
51 1730
1093 577
1109 481
319 781
1248 693
1765 3
883 572
363 141
76 539
475 145
1941 571
1357 185
1807 917
1677 1477
849 881
1313 692
936 1095
1704 427
1505 1651
1513 961
529 1256
761 1411
1435 1996
505 1483
321 285
934 657
1222 130
551 1521
1036 425
125 128
1435 676
1201 357
426 1505
229 569
976 850
1541 38
497 1825
922 661
1408 381
1281 1080
1153 403
742 1799
1046 542
923 1232
17 1558
646 863
451 1973
1703 629
1017 1801
713 1180
65 1701
1681 129
1261 1924
1242 217
651 985
345 1247
461 293
1241 1291
1894 565
341 1081
384 217
789 1857
283 1860
1071 181
315 1281
76 733
1611 1148
341 1875
1715 112
1483 929
9 1683
1391 596
1826 1385
136 725
641 81
626 1654
449 945
1769 1329
1591 273
1761 1344
145 1378
281 1330
1379 851
304 1176
561 1727
1565 657
307 1509
357 599
1261 568
576 1765
1636 1507
1841 572
69 1837
524 252
1779 1917
373 817
81 751
901 1137
1763 337
1337 64
1553 1347
1001 293
1 1903
1143 552
980 692
1971 1617
1449 587
930 433
1153 1321
1601 253
1013 977
1033 1785
446 1477
1796 431
800 1313
1233 1321
1951 656
1981 1645
1401 720
161 1247
321 501
906 1745
341 1628
1041 1027
1931 1107
1380 771
65 81
421 1901
594 1147
1281 392
1566 1684
1631 659
196 1209
313 231
1997 1138
466 436
1280 1380
1351 1397
703 1491
1521 113
989 821
603 1457
1961 1665
291 1383
1729 266
1337 100
551 1583
1681 126
902 862
286 1979
1777 1412
591 177
958 517
1457 1627
1177 1521
9 1249
768 1149
413 1465
1881 1676
298 785
443 1441
1759 1606
705 883
578 671
1489 1219
1712 1376
861 1149
303 921
586 1805
467 1356
815 34
945 1433
1691 1925
1099 1
1001 1346
1665 1627
1565 971
1632 1769
329 299
766 929
395 469
673 1034
1581 610
622 1336
1807 1259
346 1626
711 957
449 761
1180 1817
1576 1318
481 348
1889 1647
1361 509
1319 306
1337 660
1001 471
77 1713
1251 1085
1483 945
1068 105
945 1811
1327 396
1963 186
1302 836
1151 1089
373 1207
743 715
671 589
1671 249
914 833
1622 1853
1945 1953
1893 826
1849 1505
716 943
425 841
441 417
507 1571
662 1798
786 669
1920 825
1386 1877
81 1497
671 1053
1257 1705
1542 1453
1841 1793
293 1080
61 1903
1471 853
1385 925
1297 1837
72 261
797 699
611 1331
49 581
261 1626
1013 481
1923 1137
1 181
934 943
323 1589
644 1427
1234 1420
129 1114
1186 337
1626 1031
1761 34
1137 979
1951 1347
1503 177
701 153
281 1550
519 781
1451 334
1037 1943
1894 1034
433 84
1721 751
1501 26
1221 227
445 708
963 1506
329 626
1863 1273
841 903
41 1261
291 1981
561 1106
1679 1311
1990 1876
1361 445
593 101
801 748
877 421
1831 145
996 861
1697 1131
686 1574
1835 551
1926 1201
1570 1539
1905 937
491 95
963 1533
1 1117
1901 301
1897 1017
565 1027
1785 1077
420 839
1777 1
1737 1786
1958 1414
1678 441
1825 1543
985 878
501 1546
817 1175
933 493
1699 1811
1365 333
441 845
819 263
620 474
940 412
765 1680
1721 629
1001 5
571 1697
673 197
151 1
139 1405
1949 591
1805 1885
1569 1273
1001 846
1893 403
1471 992
1839 1034
261 498
257 1885
1290 923
1431 994
1989 21
1615 1141
911 1372
1891 1597
1336 1193
1149 960
1054 1031
1676 537
135 189
751 1904
571 993
1120 733
1049 396
371 1197
751 271
1441 73
1790 1581
1469 1840
1431 241
1335 540
474 1355
1655 576
1309 1201
325 1001
451 421
961 1041
1161 1153
1045 39
1195 401
1295 1273
801 359
1153 281
1932 1441
1909 1777
1315 973
1505 1437
1805 1869
59 569
271 1569
1696 307
178 477
721 425
1363 943
1125 651
529 1900
1425 941
421 1147
1697 681
1028 1538
45 221
801 336
868 801
371 1556
1479 1109
1648 1253
619 1618
811 1777
28 1881
581 109
1141 1851
1041 1215
1176 689
996 1856
921 1781
337 947
1503 441
786 501
758 97
1095 1450
562 481
291 883
665 1363
209 956
1621 1961
1537 1988
1266 21
679 536
515 825
1373 1
1343 642
195 673
147 101
1859 401
1457 1268
1961 471
616 585
900 812
44 113
1902 1277
1013 1088
536 151
1461 1921
1001 225
1661 16
1861 915
1220 1001
895 626
386 561
574 1473
935 1569
1 1696
1333 819
696 1284
136 993
1195 333
751 821
497 637
1857 1462
1731 32
1628 947
1606 1457
41 1171
379 1036
1937 1519
140 818
1993 1970
1123 641
1368 1641
1461 1505
1581 1097
1001 1683
1325 1602
1889 318
1521 1129
55 901
1401 991
733 1661
935 1328
241 954
1627 1311
886 1011
1651 1702
1139 1481
48 1123
1226 778
954 521
1772 553
741 1931
1865 1117
165 1743
464 1585
685 373
13 1259
451 341
41 1521
441 1908
1694 860
911 1681
651 1331
341 1751
241 1441
1696 1137
1895 1601
771 1909
731 522
663 1551
593 730
912 385
1648 341
511 221
1457 945
247 1213
1480 471
1815 458
446 239
1207 825
1761 1643
241 629
561 420
1067 97
776 1445
521 1513
329 457
365 726
169 1833
1425 409
1625 171
1591 177
1035 841
1707 1293
818 231
1081 1461
879 273
433 649
251 845
1493 861
541 110
1101 141
527 1401
876 255
1498 1504
685 665
769 1064
1873 1011
651 1710
743 909
871 201
1191 858
860 1733
676 1639
39 1385
1633 89
136 62
177 1461
746 211
1453 1793
1405 1539
113 1459
205 751
1963 1420
1969 593
373 381
1513 449
602 1684
1 233
285 1654
1540 401
697 337
305 861
701 172
159 213
1952 1557
503 1964
1181 1991
1946 847
1377 1372
1 238
369 1494
729 631
470 1663
861 241
555 932
1695 163
1861 1555
696 1331
1166 1297
537 336
383 1329
618 221
619 749
817 1291
968 825
1376 535
963 41
283 921
81 927
1925 1805
1096 1893
1041 201
1961 361
433 33
1229 51
1309 641
1879 407
171 293
1553 1254
425 1236
1829 121
712 194
463 456
1052 602
1854 1235
1880 735
209 545
1375 366
10 1022
1556 1321
378 70
1875 36
1671 1736
1 626
409 729
433 717
583 104
1857 1479
307 519
1337 566
168 1521
1348 557
1044 9
1609 1801
1514 528
731 1633
1994 1375
862 1589
1901 827
1342 1366
51 153
1989 1715
1579 1801
48 257
401 801
769 1369
1597 1685
1568 1673
523 886
1401 1579
577 1633
1368 653
1798 1397
189 1489
660 957
53 1273
45 1382
1207 1053
1970 769
1117 1911
97 1701
1501 896
75 665
785 733
1873 695
801 457
412 701
717 291
520 1584
1624 905
1973 17
871 1869
138 52
111 1208
756 389
1800 1597
1509 1218
1057 671
1225 906
1475 1291
1421 51
485 1353
225 937
361 871
461 417
889 433
1701 593
1307 595
846 225
289 37
1953 117
718 1213
405 1641
581 1057
1165 1591
1687 1361
402 861
1177 1679
1201 1861
1218 1137
1297 171
1188 1579
1047 1361
412 792
1355 1481
1911 926
1386 205
467 1671
1951 617
215 1277
1377 105
1413 1697
1401 803
1611 1886
1313 1569
302 576
251 1096
155 477
1449 1017
1121 1964
1169 479
805 801
330 765
1474 662
1156 131
1521 521
101 1845
673 143
1981 1426
930 353
409 1169
351 1
1969 211
598 1667
1830 1811
1533 721
978 813
719 661
1802 326
393 64
1265 1093
155 1281
1473 469
1317 1789
227 359
877 933
1496 457
1194 72
255 1247
1034 1766
1757 645
231 745
703 1654
445 1023
977 1221
1147 1394
1201 259
1941 1461
439 530
1911 117
1749 1206
1041 1209
1741 1737
1855 391
1051 1448
1521 278
213 231
1709 559
1956 749
739 18
1785 181
909 1337
40 1195
172 1499
353 1469
976 861
698 1906
1872 1881
1820 1431
1944 15
1835 1176
1481 1957
926 1505
1880 433
464 1121
661 842
769 609
131 302
993 81
807 1263
756 698
1434 297
729 501
1241 1076
159 1217
108 831
334 1678
1331 1704
1601 1291
1461 1069
987 1543
241 1481
1936 1415
732 927
1865 744
1246 1969
1974 1649
1636 1335
517 1169
257 1715
1815 311
919 581
276 1156
346 1166
1910 1301
1577 601
43 389
433 931
1249 551
873 1161
165 1993
201 1594
207 841
769 17
842 587
1736 916
1804 1045
46 501
897 115
429 147
808 1709
201 1329
1101 1513
415 599
97 635
1017 1697
1983 1341
1197 1745
1839 1579
1613 1864
1441 455
171 1617
1441 1489
305 5
571 857
1005 1491
869 1097
71 139
1825 157
1201 1877
1965 1199
1422 401
1805 1991
1191 1391
1281 413
391 1441
1420 197
252 1669
951 605
101 259
1953 1041
1541 133
1761 1273
1539 1050
1737 20
1551 865
1281 1934
1113 357
1441 509
760 1851
1241 1937
271 821
661 125
93 1225
1903 1425
329 883
1191 26
1785 848
934 1288
947 1297
1260 1924
441 530
750 1672
161 376
1344 889
841 1705
1877 1873
349 727
1849 1693
1527 1405
1673 393
285 280
473 777
366 17
41 1051
1303 1431
1851 1866
1094 581
841 26
1 900
481 523
181 1125
917 1901
1861 933
1345 36
1885 301
193 551
1905 116
182 1517
1289 1963
102 1761
1059 894
1189 1386
481 1281
531 616
1129 1004
866 1135
1436 557
209 51
1828 1130
1971 131
626 1471
1914 439
399 1430
1435 1944
1 1308
273 1721
466 1329
1780 421
405 1446
1828 751
1441 491
1961 1576
1707 32
791 51
1233 1365
1685 1035
1609 1681
764 511
1893 235
1787 1
1597 68
1718 1736
680 161
581 1387
1497 181
494 492
1565 1675
1601 1409
1021 1316
1095 795
1366 609
1449 1454
1941 1221
581 1651
1426 1661
136 1521
1851 233
1934 475
370 1299
1891 762
871 1493
108 145
753 71
1248 1837
1384 765
1441 931
1079 126
530 447
121 1621
1461 1761
1893 346
786 1193
1751 1417
1217 1224
452 1635
176 1729
447 368
1767 1106
697 809
11 1857
1581 1084
461 1925
91 1634
765 1301
1385 1266
1320 141
1659 1560
1346 561
1202 381
373 1273
1453 573
120 769
888 37
745 634
1539 359
1389 1949
811 1253
1969 1834
1291 62
673 1201
1469 1810
807 1729
1520 1489
1327 1901
1536 1617
1313 873
1106 1049
1022 169
337 429
401 895
63 1195
165 1344
783 805
1141 216
1070 41
763 1737
497 1783
661 986
401 234
1425 1861
61 1061
525 511
821 1040
1851 671
913 634
1281 1003
1111 661
1890 874
805 995
356 465
444 1353
649 1862
1033 1588
209 1956
1389 1705
1005 1298
1488 1521
609 283
1977 464
188 163
45 551
25 680
196 929
1361 1587
1968 1171
1641 1105
626 317
1576 1661
7 1176
1206 977
489 153
1441 485
328 1396
21 61
601 51
1199 507
1261 466
211 233
482 1363
521 238
1856 711
1281 1493
1889 1353
1649 1628
997 236
1894 113
1659 1406
1689 914
393 755
1057 1651
1643 1948
1657 995
1835 1233
145 486
553 7
115 677
925 1175
1537 513
1446 386
511 515
1507 1465
817 393
1299 1156
1073 1178
1921 1935
1385 452
1541 229
213 691
279 1423
1253 441
691 1921
947 1901
39 1529
1 1607
257 37
1901 1309
1809 443
1841 161
1853 1356
1341 1850
328 1477
1 249
1985 953
197 945
1481 1791
1019 1185
1289 1098
537 973
1910 629
1507 1233
398 377
1201 999
1823 1771
1737 1416
1947 851
1441 193
1333 365
1 1442
1701 1617
751 1134
1865 406
1527 1874
177 1957
1929 1121
1441 1841
333 1549
1 1961
1937 1860
876 1058
585 1020
1717 819
1291 163
1591 478
361 1888
1816 1415
1507 1324
1558 1310
1911 1615
1730 1559
601 157
155 1521
320 177
1624 1101
1903 858
222 1351
156 1996
777 729
1637 1837
742 245
1771 981
776 1146
1117 1009
619 345
1635 41
1 1733
1292 145
1985 673
461 1871
1351 1889
331 833
1921 1627
751 445
395 579
612 1145
1161 786
42 681
325 477
751 846
1759 199
119 1926
691 1622
283 1401
1515 401
9 461
201 84
135 33
794 221
1233 65
231 225
1853 1501
1681 796
1511 1259
761 729
1681 893
1681 1044
1951 1251
756 1843
1567 710
1282 85
551 1703
81 1119
980 1697
593 723
1414 945
266 629
641 1801
1517 939
1105 1035
1023 1361
1935 881
1217 1921
53 694
1732 1401
701 1475
851 1609
1149 1313
945 1371
1601 250
453 1306
1513 1452
801 969
427 897
1281 1129
1092 1247
349 1005
601 1199
1011 1504
1388 879
678 323
788 1270
585 1144
1478 90
1490 1818
1636 785
689 1533
223 944
1251 256
1503 305
1231 425
1971 486
527 755
1311 1314
765 1841
1160 573
1145 85
1411 161
1321 353
1621 953
746 1393
944 475
1125 1599
1301 1935
1044 737
1041 641
1393 137
1841 217
1246 159
209 1397
1441 1147
951 1603
529 1451
1895 601
1272 558
905 1751
275 929
1683 947
853 923
1219 809
1249 1689
946 477
1533 886
586 432
1964 1647
1781 210
161 765
1123 356
1041 988
1613 556
616 405
1765 1651
957 865
1053 1853
681 223
1839 1919
1861 381
417 1875
487 703
225 254
1056 1622
663 331
361 1265
745 176
1425 1449
983 1671
86 730
1701 598
561 1994
1665 544
1651 1241
629 53
1681 1536
908 697
507 1986
563 1285
1077 681
214 144
1243 1077
401 153
1537 1125
746 1593
481 731
610 839
17 1801
1365 637
145 1597
631 303
51 358
1746 943
1116 877
246 685
1168 1150
1423 1385
241 1069
1142 1393
7 1971
1751 365
197 92
1396 480
437 926
69 1025
243 1755
872 1897
1856 1041
769 611
1143 1455
1137 353
1611 936
1937 894
519 1591
270 229
1505 1089
1661 1791
1576 1512
977 581
1091 1288
975 1760
269 606
68 513
1571 1073
441 896
161 1281
1670 1225
357 1536
1041 1601
912 1586
1352 700
961 945
1704 426
1862 1537
1813 941
1274 629
1412 485
512 165
1866 1491
1441 547
209 1092
471 669
1887 411
737 1857
1657 1067
1947 1551
545 205
1069 361
1121 1823
661 81
419 624
1157 1141
368 951
1789 1115
17 1763
176 313
1596 1119
1531 1385
185 1
1896 762
405 1645
616 93
665 1905
1161 419
1841 69
1549 427
1701 961
1285 1385
1024 1667
376 677
576 813
1206 411
1513 1681
1573 1876
1597 513
1048 1577
631 1969
377 1677
901 1812
1391 333
833 1041
1673 1023
669 1516
626 1908
701 1281
1937 369
417 285
224 735
201 1441
1214 737
769 961
411 441
1041 1836
761 1881
44 131
1329 53
403 450
1696 1298
1571 1851
165 336
1945 201
726 1096
1881 341
241 1247
177 1384
316 781
1026 876
506 1489
509 626
521 321
801 1760
107 721
526 329
1543 1159
1831 1684
1853 1761
1723 1
1687 1287
871 1041
1513 48
1681 27
511 251
497 306
1181 1800
191 753
105 1773
101 748
420 942
1501 503
1151 207
1562 51
601 337
19 881
721 1525
1153 1815
717 1603
345 439
567 1185
1490 543
409 649
1919 1637
1 1070
125 1077
326 1926
1151 843
659 1421
565 1336
1279 492
1317 246
634 409
734 719
308 423
385 1649
268 1356
371 1586
1425 537
1769 287
1041 1461
1675 1279
1399 669
715 1111
17 1372
399 1443
1894 215
401 1481
1702 1830
821 1021
297 801
987 551
1741 1075
1539 1817
1125 409
837 1173
619 1031
288 801
1172 1249
1385 385
1011 1440
1210 1401
1865 709
979 1002
1199 28
355 849
441 1665
241 766
594 1838
1933 1911
237 1121
1191 1763
670 709
849 117
177 625
1587 1265
6 171
713 339
1065 526
597 649
841 1891
1101 1486
1305 1297
1325 1680
1354 9
697 1997
666 11
1104 1241
221 767
719 1791
1249 1729
1313 343
129 481
1945 241
209 861
1099 1851
1126 513
1407 325
479 401
303 1803
521 121
875 738
995 317
149 197
481 845
1775 1111
1331 1641
1605 968
1395 1157
1351 46
1018 737
1433 1406
1813 1996
1473 591
375 29
1634 1349
665 596
57 27
1961 865
575 1340
747 586
991 86
1864 885
676 519
1100 579
17 995
55 861
136 1958
225 295
1325 1347
211 817
1869 778
993 851
1717 201
1597 563
668 1253
428 1564
1809 983
1001 1759
817 816
1089 1117
553 919
1931 1841
1161 1541
1899 1728
1130 1101
1985 249
1820 1418
1218 953
1091 177
1966 376
703 131
524 36
1689 1014
1707 25
1997 847
1432 751
343 425
856 1064
329 581
1781 1151
843 1481
1301 771
1717 167
1773 264
1929 457
592 7
1741 135
1088 716
606 1254
1065 1345
251 1409
1773 273
43 1454
113 1276
1601 1545
745 351
1618 251
201 405
1501 88
1381 1142
779 1401
759 1173
363 1373
1989 945
1527 1337
589 1825
465 1441
1299 55
1751 923
1363 1313
785 146
97 1449
1983 1985
841 1596
1239 305
279 1227
528 469
869 1821
1197 1877
982 1181
1057 441
865 707
1499 1365
1799 1617
703 144
653 1179
28 1776
67 749
808 802
776 373
161 691
1091 201
121 1477
249 5
811 877
1351 1439
1251 950
809 917
1143 560
857 1786
1597 626
1157 1801
1681 9
1423 691
1981 1041
657 1687
1961 1409
1265 1905
691 833
1106 1751
1513 809
224 1141
1777 98
1920 1757
395 1753
965 1353
837 1965
1325 1003
347 1324
5 1605
1823 1286
213 1021
1303 1785
1217 1193
1337 1091
1839 1353
1873 112
1051 941
914 137
1117 441
303 657
1919 1596
201 727
1067 1416
313 17
1535 895
1025 1713
1676 771
473 61
1009 17
1406 417
1961 929
1393 1201
1460 1079
238 1615
81 1421
893 591
1977 1539
491 1902
157 1246
1293 195
1595 250
465 556
1601 1635
345 922
1582 1769
1083 647
1244 1239
497 1873
1653 512
1725 1191
1525 1987
369 1730
1019 1976
406 451
1667 297
368 725
961 620
1553 33
720 171
1841 665
641 1229
1676 974
522 1151
1754 469
277 1543
1985 609
1589 1627
1695 1099
1657 865
1765 1994
375 111
263 1561
1442 1431
785 1037
1626 1193
701 126
1806 240
663 1431
569 465
1981 745
1944 1321
476 1304
1237 221
1947 1999
1845 823
541 1921
1784 1441
551 777
401 879
1314 1727
1961 1945
1646 1058
1653 521
1074 283
721 592
101 1894
895 441
1677 1211
1409 1665
1092 1859
2 323
1421 1789
1555 257
1487 136
1677 1683
101 1081
351 1203
1729 1697
400 801
125 1875
1135 945
1013 51
1254 621
1049 36
41 1421
1806 935
1451 1577
757 1407
527 721
116 519
1835 1201
1911 77
470 1961
515 1489
395 805
1301 1201
1489 1972
401 1281
81 1501
174 1301
1655 1365
641 94
687 158
498 1601
262 137
1557 827
505 1582
1785 1286
878 1921
365 72
1901 662
551 1989
788 1582
996 1737
1047 1503
521 1808
1897 827
1391 590
951 973
749 1466
1387 509
1889 899
161 111
1541 547
97 1083
877 1630
46 1029
1588 76
1283 936
53 1111
1875 542
296 1713
281 1934
751 451
370 579
896 891
1862 1865
647 1009
1845 1288
992 181
1961 1771
1589 51
1769 17
1661 1685
1123 1681
51 279
1081 834
851 1691
685 1041
1921 1345
186 529
777 1501
1901 69
31 1029
1887 728
1011 785
457 1001
1711 1707
632 801
983 1857
565 1
1451 381
1347 1065
782 955
1498 200
1037 977
1765 1377
730 1385
71 1129
31 1849
237 300
946 1473
1766 1113
1221 1015
706 909
1597 237
949 589
777 257
361 449
313 516
1221 1203
1649 753
1691 1745
632 1908
1895 1477
334 1125
930 352
973 1824
1454 816
161 1003
871 1222
625 1691
1201 288
490 1937
1017 665
399 447
1159 708
247 996
1211 1101
1385 1374
1501 1231
1313 1606
391 1232
1669 181
1429 797
153 1911
1702 851
475 1043
195 1465
1159 452
521 1217
326 1325
245 160
657 1864
1747 1899
382 1653
1772 1441
1636 472
391 679
1873 1456
1791 1001
1257 1131
681 1753
1137 61
1369 1613
13 788
1932 284
1995 561
1739 213
426 397
1956 1468
1876 41
365 1016
1251 1875
1185 396
737 657
1493 161
1221 1823
335 1653
1941 165
1313 713
1153 485
809 301
1425 923
1641 553
953 465
611 1985
150 1453
465 102
301 345
947 1611
449 1153
1791 841
1999 625
1026 1119
293 1736
769 1981
1981 746
1985 500
865 1543
1971 224
203 1426
1689 669
1441 1177
1165 252
1857 801
1309 651
1562 214
906 1722
1121 537
561 1601
1921 714
281 1189
1945 1166
195 1585
207 112
1717 88
1569 1953
1036 959
1431 1457
1641 1151
1201 391
1023 857
1671 1436
175 847
1442 385
1993 1621
1825 385
1797 957
1577 1471
321 1689
137 310
1829 1761
1849 1337
1549 273
1217 881
1137 87
1691 1523
417 1265
585 676
1139 1251
1595 191
1125 739
1538 161
601 886
337 841
165 481
1423 238
341 996
961 1438
821 1473
432 1837
376 716
1857 713
1003 1352
308 1234
17 613
246 889
337 1276
189 1953
1704 390
489 1417
1233 1387
693 833
1103 1151
1209 927
1333 112
1163 1911
641 1854
1253 1043
677 1521
626 771
455 1721
272 293
1503 1841
1713 1785
1169 337
189 1385
1275 721
960 906
1466 1601
1995 185
1161 893
1201 1491
1157 897
1571 1706
493 657
801 57
650 1319
546 1519
1165 1237
1229 681
1409 838
1596 966
1641 1291
1473 251
1873 241
745 1382
1397 153
1881 1514
257 1323
1451 1973
1451 1653
1027 1050
1991 1383
833 921
444 881
1832 1946
1136 1041
686 1631
1031 1410
21 1194
1108 341
1801 806
1661 1936
1967 1371
801 1762
1368 895
1294 1113
1461 717
1656 769
1591 153
56 1301
793 228
1889 1746
1669 1787
1365 1841
505 1701
1773 1818
1565 633
321 1793
849 633
526 281
20 289
1151 1292
1994 1005
635 913
1251 1863
352 541
1997 1137
1797 1300
1 1685
769 1153
1601 1231
383 1693
1086 1725
1125 816
443 47
3 1
51 631
1001 1549
826 1701
562 497
1278 1853
1 364
693 1909
692 1201
1631 1253
301 1265
497 16
865 323
147 938
437 1313
179 929
331 1497
1845 326
1017 1885
732 436
1351 1791
878 1551
247 249
545 851
1018 1605
1344 1011
1402 13
1209 289
1548 206
373 1087
1837 1053
1600 223
993 1065
891 339
313 949
894 332
417 46
675 1620
617 853
1611 829
81 1451
947 1921
763 1423
309 291
369 1237
921 261
1866 1443
1228 377
1333 611
1001 82
322 416
1631 1929
150 896
17 1741
1861 1219
1497 1565
1710 905
286 1272
1435 337
1994 831
1947 1223
1751 1714
1201 1941
1689 831
501 1001
1406 1145
336 41
1580 576
877 1895
1091 1085
1642 553
33 1633
1061 833
1929 817
572 1284
526 1393
1051 17
1953 201
409 1961
1636 956
351 1166
1137 1147
1963 771
1345 1041
813 1851
65 717
1517 1209
1118 1910
1301 801
1197 147
1553 81
1983 1701
1512 1281
863 1814
1124 527
668 1297
787 1651
505 1137
1921 593
1201 1332
57 1509
1111 1443
761 1929
571 1311
862 1609
130 690
1030 1451
131 441
833 1011
591 1234
1837 1725
1476 383
711 326
975 126
621 1489
1291 1721
651 1650
461 1193
41 1921
843 121
1547 913
243 1495
1379 1843
847 1433
103 117
670 1987
19 785
1845 1811
1193 392
559 1823
889 1171
561 90
465 280
733 1473
1321 577
89 1361
969 131
645 886
941 1556
1638 461
546 1778
1991 507
1451 501
563 1068
225 1145
1411 583
1295 1518
708 1620
545 1633
506 1069
551 1271
601 1337
1508 1709
180 1961
901 1270
1683 356
117 1491
509 1913
1927 501
1069 350
401 1551
592 1181
540 117
1793 185
93 1733
129 93
1751 1367
1767 1040
957 1481
1901 217
1910 1256
479 1990
1568 1065
1751 1569
757 1298
739 921
532 1809
847 343
1114 1721
1021 1399
713 1049
1441 1297
210 1306
161 1961
1668 573
767 841
441 91
776 1355
1619 709
1313 1860
291 1347
1703 1177
392 1321
1511 1946
1349 1521
1016 77
1073 620
873 1029
1535 791
373 629
497 921
1953 1051
1308 1273
1722 295
48 271
212 134
961 708
861 312
1941 1
411 1729
1248 1161
1881 736
685 1081
818 1697
701 193
1031 1458
739 1897
1649 609
1016 1468
1096 321
1945 1531
1701 73
417 287
631 1753
513 823
1913 1598
835 1936
352 346
1456 277
401 983
476 1650
911 877
1203 281
389 755
205 225
121 1119
241 1741
1585 39
433 1559
1409 578
1487 1257
1502 78
659 1025
1075 828
1649 717
1436 681
1261 921
117 1545
353 461
267 801
1353 21
684 185
1313 81
1697 1421
688 367
917 1603
1044 1185
831 1057
1857 1166
1499 876
1828 1251
477 1701
1535 325
1402 714
659 645
485 1237
791 511
1221 707
1231 1750
539 511
1426 525
261 116
369 417
1276 329
1713 1629
501 753
833 822
1508 1139
225 553
1921 460
305 209
1873 1001
453 255
1387 684
916 1727
1821 1537
897 1249
510 1935
831 1881
241 1961
851 181
1941 1512
199 1901
273 209
314 1852
912 687
1251 1021
467 1581
1249 1362
354 1873
51 399
1281 631
845 1801
1652 1391
288 1549
1498 1751
1138 701
1933 613
1955 218
756 785
1809 1697
1705 851
1622 336
1863 1931
1260 1028
1626 679
826 1
347 1596
346 389
804 459
1603 1445
1701 201
1313 421
403 899
57 31
103 1595
977 333
1640 987
1745 239
1121 210
469 944
1129 541
653 1489
1205 642
1679 1581
1489 1889
291 1341
201 1585
1846 456
1938 1153
453 165
1776 902
764 251
637 1499
1155 1205
176 1586
619 24
539 553
911 1073
1 473
1151 1101
1028 550
1758 846
342 105
11 1981
746 1036
1601 1751
17 111
245 1925
189 293
1201 514
1543 1201
791 1547
961 1721
1619 1316
1425 857
465 81
257 577
1021 863
401 921
81 1957
1915 5
1350 1071
1057 1481
715 1285
703 1741
443 301
1441 1126
1776 165
358 947
877 1473
1698 1673
281 170
874 969
1 791
693 1376
771 1681
944 1989
485 1544
617 551
1701 471
101 753
486 779
1961 1792
681 46
1361 1915
1087 209
585 1340
1959 551
267 636
1633 1021
609 717
1605 1861
793 809
345 569
866 249
1920 301
569 901
677 1817
1105 1433
84 143
865 1663
141 1367
1649 946
1025 1657
1169 1937
1990 161
1751 1893
575 617
71 758
1283 727
335 1241
1563 1143
1508 686
769 394
1416 1712
1201 1742
1401 1048
469 314
1473 1293
1781 1561
1001 1903
761 466
1493 733
801 646
1820 401
541 1281
311 1611
1685 1901
913 561
1071 1528
353 555
767 637
1297 981
1009 1141
1662 1975
1496 696
1771 646
1111 599
1337 1149
389 856
1473 1271
1905 1201
216 1906
479 64
1196 1625
605 931
446 37
1484 1577
905 687
1741 955
1073 501
273 508
1393 561
1545 555
1691 1341
37 1089
332 209
505 63
556 1089
948 1881
1048 526
1901 1847
561 647
866 1137
476 1371
1765 501
1279 577
1252 137
942 1161
1301 581
803 801
475 1041
1642 668
1785 1517
301 1141
586 355
1761 601
273 241
1751 1649
1793 120
459 985
45 1141
1038 548
929 821
1921 1279
1629 37
129 726
195 1453
225 1663
253 591
945 79
1831 753
1517 1716
196 1947
1548 449
1393 1287
1133 421
284 161
227 1357
567 199
844 1751
1135 916
593 1521
1503 41
1955 976
1454 467
753 370
1113 1744
33 381
1716 1376
1807 1203
765 385
1809 451
1284 140
379 563
933 873
401 1521
1001 1108
676 809
1423 1839
337 901
1407 276
1431 1906
385 1949
901 1261
1243 1140
677 601
1097 1977
1226 134
377 1953
947 379
99 701
611 615
549 657
951 1872
1851 1661
1617 1533
501 831
704 1589
1521 1326
1755 928
151 1017
1755 1481
991 1
1895 1575
1801 1303
1831 531
1633 1626
147 1091
1573 1351
1962 1091
1561 1991
1402 321
1421 933
1349 1645
1193 1653
1563 1121
801 925
1401 154
491 765
101 1749
1921 836
281 781
485 1961
837 1301
491 201
1273 1209
921 1605
1553 1001
1161 842
1729 323
1350 205
285 451
1953 1125
356 756
1206 537
1681 313
1201 1079
391 1497
1365 714
916 1805
1853 545
1748 701
1566 1873
195 1501
269 799
1081 1113
583 901
589 1931
1713 941
1021 1
269 1273
1634 1279
129 1073
57 1271
1453 1811
337 609
1001 1079
689 1912
57 87
977 97
769 743
1566 81
1667 1301
3 997
361 1171
1198 901
1405 1290
603 601
463 1767
1006 1299
1070 467
18 1187
511 596
881 945
433 1298
1140 233
1206 1551
1781 945
1729 1689
345 331
1912 1833
1191 440
1 1207
611 339
209 1053
881 497
944 461
1993 1059
1681 1796
814 105
1437 1640
1325 945
1894 1128
129 1324
580 927
731 1543
1441 1141
793 1673
810 23
521 771
1945 951
309 475
1380 58
1233 1404
1953 1661
181 1033
1701 1097
1613 1440
321 1221
1601 966
1177 1537
1962 1411
1229 1557
1789 803
1351 1929
561 709
875 336
1987 267
936 1337
422 1826
1963 95
801 898
1451 241
89 1688
1389 499
760 751
947 345
1401 1745
1527 1006
699 606
1612 391
383 509
865 1276
1930 1601
1681 1781
1593 389
1281 1527
529 1209
219 1684
1381 1744
1817 1609
1249 1126
1642 1395
1379 1841
95 1451
569 1621
685 993
332 187
1411 1
1122 222
1626 501
479 385
1601 1893
513 26
385 181
928 1097
1669 1425
481 1937
794 511
1489 501
1316 297
1801 1163
569 341
95 331
1445 427
1096 1681
621 1365
557 970
565 1576
1153 811
93 1845
1577 881
385 1461
542 746
551 31
364 1697
193 1662
1033 1067
1901 1813
507 1109
705 408
1650 1710
1461 1836
697 991
1276 63
901 1921
487 878
1170 636
1 223
1081 2000
1188 381
1706 71
755 1571
1939 1261
961 1009
1890 1149
11 1825
1375 1129
1425 449
181 321
508 242
235 387
1433 37
389 1581
1377 1873
669 1146
1211 1941
1845 1551
1967 226
1861 873
234 1261
353 1250
1105 1383
1183 337
701 708
1612 1577
1010 1037
1617 96
433 731
1433 944
684 776
1700 1577
651 457
1494 1649
197 1723
249 1181
18 1326
1582 785
1807 1316
666 1236
184 1949
1009 1340
76 1684
729 1265
1945 965
1876 1188
1971 766
1499 981
961 1951
1701 1287
1300 1021
572 131
1769 1658
649 37
252 1369
169 493
221 1097
116 499
1035 1466
176 1641
581 705
499 1334
482 1025
729 1671
1805 727
1035 761
400 27
1076 1544
1378 293
1468 305
1981 1631
1456 1701
503 1321
1021 1517
1881 1005
1649 1908
1005 1699
1873 1775
101 191
1897 881
1041 443
1457 649
1921 1297
1386 977
1681 725
585 1761
509 5
1326 1280
535 1601
1015 1077
747 621
393 1850
641 809
1552 1673
1576 1797
751 1229
1929 1601
1603 1111
701 897
101 1321
1453 465
126 6
497 313
1058 1442
345 1939
847 1201
1387 1049
177 142
413 1354
774 741
279 1481
1527 1351
1044 1685
825 1641
376 943
1409 1981
1201 1213
1929 131
1351 1720
169 1699
681 560
737 1276
1921 1771
1040 1562
771 345
721 1269
551 1415
1441 891
1585 981
851 991
1641 9
1889 79
1501 929
1663 975
81 1445
189 1785
611 1321
1829 1541
571 1425
306 460
1 1278
36 1882
1699 1307
65 1099
1089 1701
309 883
651 1760
1345 1185
613 1159
925 553
901 1254
603 1369
1389 209
201 1010
465 972
471 1222
1037 1908
317 1957
1135 1826
1887 1427
1831 271
1751 565
1121 1038
376 1614
931 845
1933 21
1840 89
76 49
1943 721
521 1087
737 843
109 1021
79 1329
1521 238
1341 1137
1364 1617
1539 1615
789 1098
1316 1535
613 549
968 841
794 121
227 1113
1793 1880
1361 1149
785 1961
1251 150
620 1881
1898 341
1613 1533
1289 1307
866 753
481 1041
1263 1405
1165 239
133 1687
1377 641
1811 1432
847 118
381 539
1985 1481
901 1729
809 361
1551 641
501 1531
425 1543
1096 456
1473 1894
1976 1601
1329 1420
267 1093
780 1094
1481 1506
871 1589
1925 249
1276 1101
301 1759
541 1322
1668 204
1928 872
1661 1649
511 1729
1 1093
413 418
506 1945
881 526
1423 1421
392 1066
1281 1633
1435 1134
1079 271
539 843
1331 209
1305 1312
813 1276
1341 601
259 413
812 37
1031 1449
701 1704
881 1221
101 1609
1323 1661
527 401
1345 1471
1778 446
1269 1445
221 1426
126 1310
369 1719
401 933
463 467
1511 121
1341 1488
465 1561
723 264
881 1930
1868 153
481 623
660 41
1833 456
501 495
208 831
153 1117
437 1349
181 1309
933 769
1501 1898
481 119
21 655
577 1313
1193 345
281 1055
277 1216
1169 1438
572 1777
1 881
1875 2
1057 1833
1891 403
827 1353
26 1087
1621 1799
166 1126
989 1456
1911 1657
633 626
4 821
721 476
825 1590
121 512
1193 1086
1001 1217
1938 281
559 699
1812 207
143 801
413 534
1889 151
1837 1361
729 1757
1953 1806
761 551
655 629
1048 1
1246 1024
253 1253
1969 1849
1747 449
1827 1826
546 1089
1982 1117
1525 1443
615 576
937 194
1472 273
565 39
261 241
1655 601
319 361
1242 511
1289 761
1321 1871
910 603
1881 1155
875 1189
1349 61
570 371
1185 944
1325 1299
1766 546
1386 626
1893 1
201 585
1041 1676
1019 1043
463 1268
433 1601
662 1819
1725 211
1651 981
129 241
461 454
1405 1951
1161 1864
566 1232
176 358
629 817
691 957
1155 1033
1651 617
339 1993
301 151
825 65
65 1729
1283 481
1625 1477
775 1757
1399 1580
874 1500
245 673
1657 841
1741 1057
1781 969
23 711
41 1873
1137 1713
727 1008
1721 649
541 806
112 1562
1963 1463
1601 1403
1675 1099
1101 621
1760 1441
281 193
1619 617
301 1089
1507 1633
1415 5
339 1060
1601 1438
1927 1562
1361 528
585 371
225 351
781 1058
1859 941
35 512
1782 1195
454 1133
1276 495
1171 1711
463 1825
1030 1471
781 1206
653 454
1553 1390
380 253
271 1876
1503 1445
625 721
188 394
1036 33
1531 271
1273 81
1751 741
1129 1480
1073 1201
1251 1653
1673 370
964 170
1237 889
1687 1170
1571 451
659 422
949 1439
608 851
1251 764
1121 1572
471 263
1405 1757
900 1961
1516 301
1731 126
1573 320
1 273
41 1247
78 1252
1201 1481
133 61
931 961
843 1233
1054 839
601 1347
1407 721
223 497
837 1449
1135 1853
799 1283
869 1727
1 1409
1065 205
277 1483
1157 1
301 1481
1457 1475
214 1131
1665 801
1961 817
571 371
1731 1506
200 426
1241 433
436 1033
1619 289
1226 165
596 1265
807 272
1 1603
749 1261
717 481
601 287
1401 751
1554 785
1279 89
401 1141
1568 726
637 1669
261 1361
1489 1044
366 341
361 1153
551 1782
791 1670
271 1536
119 1044
1745 665
297 36
1832 381
1801 825
1801 876
363 1165
431 203
895 291
51 908
1161 929
420 1096
7 1873
1505 1856
249 601
1145 689
1371 761
1451 1751
562 1700
551 641
3 586
746 1422
17 245
1301 1309
806 603
1936 595
1961 809
1803 801
509 721
345 1401
1361 1793
1097 706
129 209
1397 568
411 669
321 565
1801 1041
1819 183
347 1296
1565 161
1095 1699
899 881
457 540
896 1900
1645 641
343 233
1859 121
441 1617
1273 848
971 441
701 401
551 1957
163 1711
509 1036
1780 1958
1343 1657
1721 1061
621 977
900 685
1241 149
53 1246
306 1225
302 1319
1165 1665
1303 718
976 380
1983 1156
15 257
401 337
149 385
1741 673
1553 16
881 436
1807 1569
210 111
1001 906
1629 1051
211 965
1042 1513
1425 65
437 1445
1261 276
1045 1769
1549 1361
465 210
56 1669
1777 773
21 368
875 13
1289 185
253 1647
178 293
844 1873
1717 1038
216 1995
721 481
115 1521
186 357
47 29
763 169
901 641
1421 419
245 1120
803 1555
1593 1123
26 1201
1193 273
815 291
929 776
1027 816
1977 1628
438 1621
273 1697
215 1535
1873 307
1994 657
1969 967
1029 1499
251 160
983 1777
803 1465
449 1657
386 1441
1901 35
794 1161
343 990
1130 329
1849 842
161 1133
65 1865
1875 737
83 869
1 1511
741 1321
1569 111
1931 207
1509 1803
656 1439
257 535
1273 739
725 1405
461 1396
1429 1413
611 1905
371 593
681 651
741 1367
62 287
1771 305
553 1905
81 1097
1076 1473
685 1033
51 1966
19 418
1626 453
1199 1217
1601 1728
1649 617
1652 399
997 937
1441 1037
1985 161
1718 1745
760 1255
1409 1226
1713 1689
219 525
1041 726
1391 1469
1848 1947
462 1616
1401 1889
981 1501
1081 1903
1561 39
287 1983
1911 1221
1619 1999
474 1442
352 337
756 571
943 45
806 449
481 1309
1253 1761
209 1243
253 951
885 1181
1001 1705
289 1451
1601 1516
1813 1841
1093 1525
126 186
938 1278
1185 671
170 625
718 1558
1653 1021
1617 1621
245 217
1239 291
33 1893
957 545
1095 672
1465 1521
236 971
1425 717
1433 1050
1313 762
647 1267
1225 1625
1236 1695
1161 1034
1926 1845
689 1025
1889 125
51 1257
445 1287
989 531
1069 1305
64 699
383 1361
1990 1953
1401 828
858 1097
649 1049
1261 89
1977 1563
415 201
1314 1636
1864 82
1494 19
625 49
526 1635
823 1919
1982 1536
601 1832
1527 1729
421 1821
125 1555
1740 1746
1249 420
413 1513
1109 111
913 1419
225 1453
396 1045
1626 1821
1400 1681
263 1
1429 1054
126 289
251 837
1841 913
1520 36
765 28
81 198
900 425
1901 1961
1376 1756
897 1992
1789 1431
561 1318
961 1851
1186 1377
891 121
1751 1443
601 43
289 235
679 1611
339 589
781 1098
341 1726
1335 1441
197 1625
1312 1496
1913 538
395 1493
1197 1314
801 721
769 585
549 96
589 501
706 1501
361 741
1313 1987
841 465
1651 481
831 1
658 1921
681 377
945 113
1271 921
473 207
985 455
457 151
671 605
681 1300
836 1601
723 1204
697 801
1951 19
826 1476
1249 1746
922 913
1093 164
1126 865
601 1171
817 547
713 1145
1545 275
1761 43
1595 1241
1509 1279
1313 941
1173 7
1751 1313
1647 521
1916 1855
951 1501
3 1921
1581 837
1501 1809
9 1872
1287 1971
1071 1661
973 1174
1451 1160
1717 1157
394 1891
1901 101
777 107
171 1977
1706 1873
1329 199
1601 1905
1159 577
219 56
1769 267
1519 817
1435 1045
714 626
1496 1463
1348 86
23 2000
1361 1986
162 1293
494 1211
1403 291
1045 971
255 161
585 985
1121 1495
942 1926
1691 265
525 1161
244 1081
871 1326
1761 920
376 616
1451 713
1535 324
1865 1257
1608 1399
91 641
1456 401
1809 682
1043 881
1307 1169
843 1927
1736 1709
373 1237
1376 113
1354 272
1031 127
1841 1589
887 1252
261 1129
476 1793
669 1898
1739 1325
0000000000000000001110001