2000 4000
1085 11
377 1345
518 1631
503 1681
1229 1454
1353 1293
61 43
63 20
1957 1475
463 1000
1852 762
1369 847
1340 165
1937 1101
261 386
719 567
931 1841
391 351
1113 1249
1721 1536
637 1605
434 1751
1553 646
1265 1873
1601 743
1959 789
881 523
1151 1119
701 1153
901 1221
1685 115
796 1555
1817 438
505 1173
718 23
1261 1511
4 49
395 1095
925 121
984 1075
278 1553
1556 273
1495 849
1628 481
833 1176
773 1835
1500 1729
1193 1917
249 801
1057 311
771 1869
1327 1129
393 1391
686 1785
1476 1802
605 1185
517 81
1377 291
913 841
1276 1993
1481 656
1352 1931
561 521
487 961
311 1461
785 1617
791 1797
1076 951
1280 1673
1745 774
1 97
141 1393
891 193
113 1144
1371 201
1553 1521
1929 1346
1477 1557
1361 1254
51 1193
1295 1469
1751 1793
1381 1849
1724 61
1531 308
137 745
1085 914
599 449
1221 1049
401 255
545 1725
1225 1756
1677 632
1122 217
1989 599
868 3
1166 1917
92 539
1097 1383
1257 1011
1588 629
451 1561
243 1373
858 1537
641 1661
1609 1461
497 139
1001 151
225 1769
658 1839
585 1301
256 1857
1411 1124
927 4
1631 1111
1047 1057
465 1811
1876 1473
1745 553
1989 691
437 484
1008 551
320 1201
381 667
886 1180
801 1569
1691 175
723 1433
1149 961
1529 371
1095 1390
1729 469
1833 549
401 1762
870 1611
281 572
1387 641
1629 298
1101 1203
1401 343
474 1
1596 182
1097 1792
1421 749
403 1009
1394 901
1201 1971
1619 855
1585 1011
251 1441
833 1021
1026 100
457 101
5 1840
1273 897
63 1778
1093 1733
701 1586
1245 1628
1905 1936
1236 1803
1921 143
1739 953
238 1009
1769 565
373 1057
801 201
374 457
1051 1137
938 964
666 1376
1224 1199
1619 995
1236 1204
613 661
1899 1579
1655 545
208 524
1057 191
1377 295
196 806
586 1666
471 1177
1890 1535
1921 1862
1590 738
1503 1051
1681 1931
1521 351
218 887
1103 1471
1235 466
117 749
361 992
1851 1310
1455 1001
373 1105
1036 1559
929 233
1535 1235
653 1841
176 921
1771 1585
485 301
1132 1685
829 1659
449 255
1189 477
1676 1851
1687 1447
252 679
971 605
755 1121
1465 1181
1276 251
1611 901
847 1736
995 1343
1202 1005
129 887
541 731
1977 739
1 260
625 1305
1477 1353
1701 1081
1698 1067
746 1481
106 353
1938 391
469 262
1575 896
741 847
1396 1711
946 807
167 21
811 371
1201 1996
681 1228
1318 1353
1297 1169
226 318
1709 721
743 1792
933 529
305 206
1550 193
447 609
283 265
641 1663
901 665
578 689
481 26
196 1831
541 689
1966 481
1149 1116
991 1601
1965 126
1569 642
25 1804
313 1001
1085 519
885 41
1641 931
1929 391
783 1021
1521 369
1921 286
74 776
301 791
1899 1298
371 1997
1901 1505
951 586
671 433
401 277
455 481
1908 383
1595 1955
1125 1239
1661 932
381 405
291 1739
1907 1241
1201 397
1667 126
1493 151
1381 1677
716 1940
1001 1081
39 1513
206 1607
409 1117
881 1242
1001 1791
625 289
1111 1492
642 1463
562 1190
601 755
1024 1541
372 1461
1009 1517
476 827
1505 451
152 1251
1882 51
286 1187
1772 221
620 1271
261 251
1316 54
1553 796
905 71
51 1321
1569 660
1831 997
1373 1501
138 1643
81 1571
700 951
859 517
481 1425
931 651
729 1489
1992 217
1420 617
751 223
1302 234
706 1138
1857 894
674 1417
205 1601
937 1614
1585 1681
1206 1793
1585 1783
953 1633
1870 143
954 1443
1816 1153
1530 1
445 211
261 837
1957 969
1441 961
1791 1759
219 273
701 1358
131 921
1996 481
1059 421
1469 149
1801 1578
701 930
1853 403
321 422
1313 1081
1993 423
1621 1059
981 537
1018 1409
481 125
1261 845
1877 938
275 1281
1959 219
1451 618
398 843
1391 485
187 751
242 1857
1858 1133
406 1027
370 1489
1081 1553
1526 941
1221 1161
1981 827
1239 145
641 849
886 1865
1697 33
1513 849
1111 1241
1409 1981
1505 669
916 81
1085 1978
173 1175
326 417
1349 401
111 509
1361 249
1541 1664
689 111
1723 426
908 865
501 801
650 1319
1869 1969
1481 89
1091 1203
1728 1616
1681 1011
1231 337
1722 68
1939 1991
59 517
1933 647
443 175
237 602
848 641
1212 655
1283 1669
251 539
1009 541
113 213
653 861
1064 1098
1291 97
571 1127
450 1911
1975 457
207 705
1358 1377
1579 159
883 1635
221 737
1055 1554
345 894
1497 1925
1777 1481
709 1539
304 1457
746 1701
1531 1929
1785 263
513 1041
1861 881
1213 285
735 1451
1019 1615
1875 1409
1901 214
901 316
1965 447
1481 1665
1253 429
1301 1365
593 419
785 913
821 812
635 811
321 1893
1576 566
35 1745
266 1025
465 1124
1824 1357
373 371
1588 324
1555 961
1041 1856
664 1654
1424 557
531 471
1185 491
559 551
921 1585
81 489
1725 672
137 1814
1526 86
1709 1068
1979 1931
199 751
61 1881
1741 177
1774 545
453 1901
547 929
1109 838
1015 401
226 63
152 1439
383 1799
229 193
96 437
185 193
471 1921
241 943
356 1071
229 1297
1406 121
1631 737
1781 1141
1093 1179
176 1321
391 761
665 236
1429 961
536 1777
631 1581
365 337
1861 1700
1142 47
1237 1847
1789 1929
1921 1748
1489 1901
1218 1633
1669 538
1869 881
206 1147
244 620
513 1361
1921 1651
1777 107
1565 1856
325 1147
411 417
1051 722
1161 1297
833 1195
345 65
911 161
849 507
229 379
881 387
1637 1051
1641 1412
677 478
1816 1772
257 1251
9 676
1015 1169
600 387
1017 761
1593 1773
705 851
101 525
1257 1761
260 690
371 321
601 1209
1665 851
1393 1845
1021 17
749 415
1501 791
1953 401
1281 1233
1254 781
1457 1787
1644 1721
1916 690
435 252
581 1921
190 859
255 1841
1531 435
421 1049
1235 621
184 702
213 1193
1555 1378
1971 1897
1121 885
391 941
1822 1677
869 457
1673 1080
326 887
1 1651
525 973
1 1892
1251 1319
241 1249
517 1315
1936 742
501 907
547 1425
568 1780
381 1169
1432 127
416 120
751 1570
201 101
52 985
980 149
96 1316
1776 633
1341 313
1015 1743
1487 389
669 976
599 1754
216 151
81 577
869 473
1496 1881
1809 23
169 4
785 497
601 1077
632 864
1630 1641
1085 1785
883 11
404 1623
97 201
80 1510
805 1091
1 1371
1039 1131
617 1945
1564 289
863 1873
1151 451
1125 2000
681 1831
1581 1637
918 300
1161 417
591 1181
1483 1561
739 752
1377 407
901 1880
73 388
37 1361
1695 1571
1603 917
375 815
389 953
1567 33
1785 209
44 1
1401 1301
529 795
1541 761
1555 641
1169 1524
1225 281
175 253
1346 1195
869 1191
462 1809
1377 801
1723 1341
1061 541
931 641
1776 1733
966 1888
869 1821
1015 76
1151 871
1521 580
1801 1416
801 1331
312 1697
1391 1777
766 1433
39 1879
398 381
666 1489
249 1081
945 1035
251 986
523 721
721 177
1536 1471
591 14
808 731
1393 94
801 1455
1721 1761
1600 1314
1545 1828
721 1601
1993 1
927 1374
201 1290
861 153
1001 1076
741 1793
321 324
382 1681
1235 1335
878 1325
1921 1985
1051 1076
1307 491
401 1359
1292 1736
51 1666
1049 1491
1751 463
669 1777
1187 237
1841 1273
801 1681
721 621
1473 86
1337 1249
1321 1171
758 1083
1693 1781
893 515
341 791
271 1377
906 1485
1419 1213
421 897
965 833
783 1570
1651 1001
1621 1153
1787 1023
1501 443
1557 881
1057 697
1109 332
471 694
572 481
39 1952
1701 593
359 1313
1266 1599
345 561
1491 741
1501 577
1590 141
421 1973
502 953
752 260
1450 646
708 1833
191 1901
1941 1051
361 111
493 589
1441 761
128 1851
1617 861
657 1921
1921 1169
1638 426
1994 1313
1694 451
1310 774
745 929
926 1237
1401 711
1841 1751
1853 1229
1556 381
929 1442
962 205
1510 1601
1921 179
1871 1077
233 1439
913 889
1081 1921
1171 1906
201 1388
1991 1058
1371 801
1694 1841
759 1334
285 251
519 1859
128 226
849 86
1521 1141
1373 641
1863 657
877 449
1535 1981
1061 913
1325 1881
785 1281
1069 1013
676 1751
1866 1842
624 1206
1891 300
1237 1011
1914 529
1076 135
802 17
1203 439
1625 1121
843 1569
1314 276
131 1855
1533 277
7 1007
173 953
1995 819
977 561
711 1801
1985 1961
20 417
1550 317
1240 424
67 1161
1571 384
963 1709
930 1233
625 1461
1696 1219
571 401
1786 1206
1274 341
1755 97
345 240
1985 1611
777 1751
1487 555
44 1500
1617 93
786 1121
1617 1179
1261 637
1017 1763
1327 529
948 471
1985 621
1698 951
1177 761
1587 966
1025 21
1449 1565
641 865
1121 1456
1255 910
1345 889
1726 861
169 1706
1029 461
97 141
201 525
781 1401
1176 859
1991 1943
403 271
1988 1926
305 1841
1811 1177
659 465
1561 75
1482 159
229 1820
1501 186
1512 1827
1894 1101
1038 379
689 1741
827 674
1001 613
934 1944
573 1726
643 648
1721 1667
761 1831
993 1962
241 505
995 477
621 552
877 501
1929 1752
265 113
781 1486
40 206
1813 1346
481 101
273 1713
253 139
1105 401
796 1233
1463 673
90 601
1839 1100
887 1041
963 901
301 801
276 961
417 1307
1735 1555
641 251
17 1131
873 526
1858 993
1571 1736
630 672
421 1967
481 369
1326 180
433 529
1597 521
1051 490
497 1049
357 806
995 937
1945 1717
100 797
1362 1
1669 1534
26 311
969 1340
721 1153
1787 1992
1976 55
746 57
306 1659
1665 527
410 1926
1537 1639
950 1769
908 456
1141 983
5 161
1139 221
1690 845
409 1209
203 582
361 1162
493 1270
1110 1201
1569 289
1220 1989
525 523
405 1489
1625 1411
85 1277
515 1041
597 1377
437 89
481 357
355 1701
1857 385
1469 729
367 1837
1849 706
1470 948
121 1291
956 851
1777 1454
1665 809
669 1697
891 573
1065 1986
1798 1145
826 973
459 617
1986 926
1653 1837
931 787
941 1087
1381 776
1535 76
566 1996
616 1911
34 29
1571 1769
601 1411
850 1779
1561 1735
391 1225
5 1043
1496 1581
1151 351
1407 1921
739 1392
693 1335
1471 545
133 1276
885 587
508 1267
1045 233
133 613
135 1297
201 833
1163 1793
1906 881
1507 461
720 1615
1574 435
992 1576
217 1713
1019 457
1817 113
1955 165
1071 629
617 318
1971 1991
347 1156
1153 985
417 1557
1231 738
15 81
833 1803
581 179
1175 1211
1697 721
341 1229
1131 1381
1260 1496
637 1149
1057 1913
1465 1308
665 1244
133 1153
1177 105
1136 1795
477 1654
648 1684
250 973
1255 1651
1310 591
536 1245
1314 1457
783 769
1043 1345
921 667
1069 491
1929 401
395 1217
1166 1540
1187 207
961 1777
301 1423
237 1073
1601 1955
1021 1549
1492 395
558 1069
1673 979
1471 868
1783 974
1411 709
9 1525
1631 1905
54 443
886 45
1791 761
1633 1369
1889 1521
81 1182
1629 1713
939 1035
1297 1101
1777 313
753 1626
526 1441
461 1462
541 167
919 1081
1133 1231
607 1852
1609 1603
856 1526
1457 566
1103 1313
973 1515
175 845
561 1336
773 1003
1276 396
1461 719
27 1721
1467 1438
43 767
305 126
1417 1221
580 601
157 37
1283 85
311 1209
1043 1841
753 1561
166 1846
182 968
487 1086
909 105
223 561
1123 427
1761 366
783 1601
617 1477
1157 1352
1801 900
87 332
1530 827
1055 1958
1361 1114
1854 1376
1501 897
1566 175
173 748
977 1921
65 1045
1630 561
81 913
129 149
497 345
1405 1951
1983 576
1610 761
471 1328
1041 476
970 239
1653 241
1041 1051
1866 127
470 1068
1115 1597
1351 101
720 71
289 876
998 515
1185 376
621 1451
281 1018
1281 419
801 387
908 1477
1832 718
218 1273
1617 740
552 1453
1331 641
229 1197
1324 849
1503 1985
1585 321
505 168
1593 1394
1324 813
1804 651
1713 386
561 1722
504 451
1367 1333
1053 1221
1977 361
589 1101
1991 1381
511 1961
1681 111
1293 1133
438 781
873 139
145 1663
817 804
364 491
343 321
129 51
1201 1124
721 1571
1613 1163
69 1607
1233 1862
717 526
1176 393
1837 753
1421 1351
1440 1401
1076 1641
1272 1787
345 992
1329 1341
241 1825
719 896
1761 1937
645 1390
1217 293
1773 1244
958 1341
391 1703
766 1865
265 417
111 861
232 641
1145 1457
161 1815
1561 671
1091 267
326 226
1921 341
1117 651
197 837
1597 891
554 1001
1955 1331
137 1546
86 977
1997 1244
1873 1234
1113 973
707 1823
1505 971
1915 1301
1109 1759
576 1470
1664 422
121 1384
1017 1021
1389 721
1775 333
325 1961
281 1801
19 818
311 1640
1338 112
169 239
1609 240
801 603
451 105
844 1987
1683 451
1191 1237
1501 1685
1705 1521
257 10
691 1345
219 1
1851 801
1211 201
1986 617
385 1037
1425 995
1935 685
1236 1787
1535 579
655 147
524 1531
1209 1161
886 1681
1425 1455
193 903
279 1225
109 239
907 353
727 373
1761 1731
1912 1355
721 1496
1513 1489
1756 512
693 1185
25 1899
1312 1205
936 883
1307 1013
1065 638
545 252
49 289
673 1055
1907 1901
1548 1389
417 278
487 1286
1951 566
936 611
889 432
907 1441
435 541
1533 456
1956 1916
97 76
1977 1267
601 1045
711 1476
41 1805
1641 201
1729 1367
1651 499
1531 1011
352 141
569 585
1016 556
665 1870
1128 585
711 531
181 301
521 1311
1453 1506
831 1866
851 1485
1097 93
1543 877
1907 93
1300 965
121 1318
1086 510
447 1963
1975 1226
226 1421
1660 1838
526 991
41 1507
1375 991
493 756
1 461
459 1657
485 1261
1011 1791
1060 707
185 28
801 231
42 567
1 497
1537 985
921 507
515 1809
357 1753
781 1845
865 625
496 1281
421 1521
471 931
586 294
1365 611
1617 1023
1221 1389
1398 1349
126 1413
145 1993
1455 864
545 1845
1905 1451
1940 1981
1552 1093
1786 1996
1289 1321
1745 401
596 449
1201 136
396 1001
306 385
254 705
1565 1932
1586 86
1345 1681
225 409
1451 1281
36 342
1351 621
533 478
151 121
1087 1834
123 428
1081 1951
708 1615
1341 571
1085 97
671 1145
1916 99
625 651
1688 761
1741 703
92 169
1709 1267
1201 739
1115 349
1743 1471
591 1493
935 1016
1201 871
1427 1301
728 1653
1676 1073
1144 1351
1089 849
1905 849
1626 867
321 778
849 1769
1329 326
64 1729
916 1753
1345 1501
1621 1003
1233 271
515 846
1097 489
1582 1927
63 641
1 1376
76 365
1785 1221
1707 1049
916 745
1057 1601
105 1217
513 421
1612 135
933 257
1713 1211
1892 1008
1641 215
465 41
1288 1285
1873 1981
720 301
1681 875
1859 1676
1473 1331
1665 1435
118 1165
689 741
1577 1357
401 1119
16 1647
1096 1686
826 505
101 1841
200 653
1273 1969
1361 1431
383 1129
20 1238
1205 1001
1697 636
841 1331
703 1982
1387 1358
1126 525
90 651
1827 1254
1531 397
517 113
1153 1721
454 1901
1049 390
1019 1356
193 1417
1516 1575
21 1551
1705 867
198 751
1281 471
1869 897
821 737
1021 929
1343 1281
1834 583
1839 1048
1561 1378
399 1806
404 849
1061 554
1104 1771
1215 1818
1489 891
1249 1640
765 401
491 801
1861 1736
250 1577
1206 1537
124 1201
1621 327
1451 196
41 78
201 1229
1441 1374
693 381
1931 1809
957 1255
411 851
1453 1954
1518 167
997 1896
1304 1025
821 1873
1676 1083
881 443
418 70
1969 1481
1551 521
517 395
1351 1085
1831 287
1625 289
1116 41
679 1489
753 1037
257 1493
1899 287
1665 1783
1097 377
501 1231
1141 297
973 1871
401 1225
1208 349
727 1001
1346 621
606 1268
717 953
1873 1797
1634 1921
1583 465
1776 721
781 1750
1743 1800
1091 580
583 1149
836 1349
905 566
1157 1514
1235 1141
441 1932
850 66
643 27
1937 954
638 1331
1741 151
419 1714
209 285
291 1853
885 1
1913 1100
1496 1973
180 1779
1689 402
1 1728
739 1606
1869 1387
19 421
605 699
1297 347
621 1613
1119 165
35 1864
751 549
1583 1646
661 1691
1597 1696
819 1431
969 701
271 1225
446 661
1013 498
1073 49
190 1703
311 1893
501 1506
99 251
1460 556
58 195
208 731
662 1040
1302 329
1917 1586
1106 1481
291 1641
541 61
131 571
369 1139
1 1601
688 1019
1683 1742
1105 161
1461 397
1753 67
959 1146
23 81
1305 1361
477 167
1129 1249
1220 1349
1276 336
1211 751
1685 771
1569 1657
1553 1556
1559 1226
47 989
109 89
849 621
1669 785
1229 1983
705 1665
1554 1179
1605 1141
251 38
646 1258
1381 1097
462 1659
721 1275
1841 769
1951 67
1061 61
1691 912
881 1451
1701 515
435 1811
381 1588
901 1821
695 1541
733 1775
291 1911
1915 551
266 1271
1281 1691
1101 281
1971 1104
294 1416
243 1523
1061 1744
991 85
1411 786
1744 1617
1381 1
512 680
583 545
296 1066
349 145
1545 195
1274 1525
1004 1745
1721 121
1112 701
637 1025
1 249
1709 1637
697 597
865 613
897 1301
1065 129
325 1461
241 491
1025 1971
1671 1924
81 55
1745 765
835 1113
1064 729
1717 1606
882 231
741 157
667 26
65 1201
1407 9
731 798
1433 1080
727 1181
1681 1519
1997 481
665 1181
1353 1812
1279 399
1379 601
1621 1553
1318 931
1 586
1793 749
471 1531
1617 1371
1926 347
951 1001
302 1151
85 601
962 245
1311 1377
851 785
161 1792
1525 408
224 15
1651 74
352 33
465 507
560 372
134 765
1381 1107
403 141
539 913
305 1
811 137
1737 1217
796 81
256 1121
450 563
33 964
363 477
571 1117
1523 1005
1605 697
151 50
1185 255
1121 1286
843 1615
481 1841
316 1201
1037 1001
1329 1351
57 1128
65 1507
698 1937
802 1190
1891 1161
1885 1634
751 523
1481 19
1489 1920
1281 1557
105 1523
1485 1171
779 1441
1121 386
616 1867
771 881
1510 989
508 1874
869 1943
1745 1201
1602 1397
1265 876
537 1261
683 449
1414 655
1701 681
1201 1424
1623 1026
309 977
1737 1575
33 591
80 1513
669 1428
949 920
1265 636
65 1630
23 551
1246 357
621 81
936 1969
761 881
1021 1505
1022 367
129 1457
1704 861
1606 551
260 1553
966 800
347 1363
117 351
924 436
999 301
483 905
380 761
1806 947
904 847
1129 1465
229 1731
1601 1209
1466 199
477 1847
1601 1158
1041 1781
190 1185
85 1863
1121 770
1555 869
245 907
1641 982
241 1823
1701 785
1303 1789
1761 1681
895 113
226 1601
251 1473
145 680
1049 1453
709 57
1857 247
769 1675
450 1121
1337 1937
1074 1476
1501 661
1625 1156
1365 355
1781 901
141 1643
849 376
1745 1821
1282 505
1130 1726
596 99
1029 388
1985 1077
1 627
838 1014
895 321
711 679
1255 361
551 1341
1119 286
109 1776
1852 1635
513 967
298 1361
701 203
1501 953
1285 1746
671 161
877 1027
1206 51
1721 1215
173 501
453 204
1082 321
1083 1501
375 1217
496 1411
659 1629
1077 251
1761 1776
1635 1484
123 1717
1105 347
1637 1151
633 761
845 649
1201 471
1897 1685
1889 1097
841 1801
1145 1334
296 517
784 301
1201 1751
1601 1790
1113 441
1861 1483
413 1475
961 921
1577 101
1681 485
1236 623
1937 1066
1390 1157
86 517
1445 1283
751 1561
572 268
579 971
425 1914
1569 1877
1826 1485
387 1693
346 646
1106 221
1580 835
1874 1603
1597 131
811 187
419 1269
402 1889
1361 1645
1549 245
241 1761
1613 93
1496 481
1041 1201
1963 697
57 925
434 321
1 1170
822 1156
1308 1421
644 1082
1763 1969
1946 879
479 989
733 654
193 1401
1033 609
1057 1529
425 235
601 1721
801 161
1769 623
330 11
1227 1181
1566 250
907 145
86 312
615 1041
321 377
518 27
1043 629
261 1281
361 1001
1585 64
1231 196
728 1433
911 661
601 1409
348 253
833 1121
128 27
25 1501
769 761
25 1630
1336 1253
1998 1921
909 407
1489 1227
311 624
600 1759
1457 1754
1361 1379
397 1617
693 361
1217 611
965 201
1003 1353
1347 1313
481 1361
1141 1631
1973 1422
1773 1821
649 761
65 351
329 561
1327 1170
282 841
243 329
1451 371
1316 33
714 1769
1193 1097
1220 1049
397 1491
1053 956
33 185
1633 1995
1601 732
1751 846
167 491
1097 1956
575 825
1121 481
351 925
281 1754
776 1380
326 705
1133 541
301 1991
1167 1305
1577 1613
1754 1476
579 713
1449 701
1054 1353
1249 941
1371 295
1110 693
1306 1153
1459 52
1584 807
566 61
1839 1976
1671 1817
895 733
873 1953
1506 1776
1877 772
1905 1777
1431 1037
621 641
1967 271
596 1707
225 1993
231 499
1676 545
265 889
1001 622
1691 769
1901 273
1091 1599
1193 1262
946 1983
1699 1821
1449 369
1977 1681
1544 1105
969 1645
1001 1459
1353 1011
1961 1099
1229 961
1473 1921
1801 1001
1547 1115
1521 105
766 562
137 1239
691 1753
1493 1267
81 89
683 1895
1174 561
1245 874
1545 425
885 21
1489 1851
1546 1267
628 1454
1135 1771
959 457
337 933
198 152
1996 966
1558 377
1937 1475
1921 111
339 986
1073 628
345 505
1129 758
1881 79
988 571
807 666
453 457
601 1780
1873 514
361 969
1606 843
155 1011
661 557
569 481
1451 101
1701 1229
946 88
221 35
1173 678
501 681
179 1188
470 99
505 1393
693 1755
809 1989
1126 1485
125 551
257 1751
417 1551
49 1641
375 1657
532 1669
1049 569
77 461
863 1736
1183 1231
1496 1265
585 681
1873 587
1684 849
233 1377
311 1093
701 261
1176 58
1926 117
1009 787
1726 913
177 250
468 1091
885 889
1351 730
610 836
1949 147
356 1375
857 525
708 61
161 1697
1 385
1461 1001
1937 801
709 357
156 1977
55 1334
1837 1729
745 1099
1616 1623
346 212
1701 1904
1601 916
283 1241
1413 1981
66 705
116 1649
197 1857
591 1751
645 161
1993 176
1700 871
201 585
1248 141
781 581
1773 251
641 345
173 1389
1741 526
1362 271
925 1180
1585 357
22 1169
1701 821
1537 157
806 993
1206 561
1061 49
1964 691
1161 565
621 1618
377 1425
458 831
1081 851
1817 836
479 1360
1716 401
1793 1306
1289 771
1075 1028
205 700
1971 1893
1705 1817
909 1953
1814 191
551 423
951 467
14 191
421 1065
1665 753
1001 713
1986 1977
726 631
466 685
738 1425
1943 1377
1672 545
73 681
885 461
296 277
1876 1396
1759 263
1717 1781
1446 1995
1130 1761
1913 1081
802 1223
976 1969
348 1751
781 1591
1403 777
1499 229
197 876
1557 1841
761 963
1466 465
173 1565
800 892
438 1925
1441 79
1960 13
1501 1620
911 1096
471 1989
1669 1155
345 420
1464 1306
1410 1
1311 142
318 1988
1901 37
1825 355
1057 62
1368 823
591 215
121 1266
1801 1020
487 30
631 1461
1713 1057
543 294
533 641
1501 68
249 1189
1645 295
1976 1939
1941 276
1953 1151
1915 81
754 809
542 1870
1468 569
1673 1085
81 425
1499 1838
1253 521
1001 1161
731 1555
1025 618
1883 311
1798 843
467 371
436 445
1556 1306
721 614
593 1889
1273 43
1355 1201
1337 1801
137 872
721 201
1204 1229
1101 1211
1713 656
120 1901
146 1945
372 1713
857 1015
377 1711
581 1350
1441 1643
1091 625
1258 703
633 433
969 1076
37 1181
466 936
784 981
1441 291
259 881
859 1749
1203 1126
669 1991
1529 249
1447 1956
791 45
1501 405
1255 1521
195 1471
1142 1336
719 193
671 627
1421 1309
465 689
158 9
380 1405
600 1911
37 1615
1285 1551
1425 1261
1269 296
811 305
521 993
1220 309
1713 1931
335 150
1931 1653
1845 1143
868 1697
701 1749
1347 261
107 1563
431 9
584 161
577 969
1057 1357
639 809
53 1201
639 1829
272 333
1733 1081
917 1721
1171 563
1632 232
1621 745
197 731
365 398
268 1470
1353 857
1405 1946
241 1745
1651 1025
320 1114
1367 1881
541 738
1248 817
587 1601
1834 400
701 935
1791 1741
1056 1229
1121 57
913 113
1353 811
1511 798
269 1745
167 794
346 1873
1237 1381
1604 1481
1681 1421
1257 1587
870 346
1709 14
1921 357
71 1921
519 1505
129 1714
901 1333
913 1631
173 1201
87 1849
217 1424
1748 1551
1549 581
141 1157
336 1451
915 1821
162 1147
1345 1441
1111 1835
38 371
1553 1723
1629 966
1751 1585
985 371
1052 1705
1317 456
833 1865
1301 1732
463 1121
371 937
329 391
1657 14
1425 943
1867 1579
225 1229
1723 1708
521 871
231 495
1556 681
415 1595
1777 856
1817 1863
1431 969
559 6
190 1167
1471 1255
926 681
1721 1197
1297 1664
1931 673
1741 546
956 1191
252 961
917 1159
55 405
1481 718
756 334
1825 1219
737 621
1633 1819
1781 1811
801 51
1778 41
102 1931
1190 1181
1617 1529
1511 673
706 1345
677 1105
1175 1005
881 234
1280 1973
841 1641
1381 1447
1246 740
1697 255
1649 1429
1911 1519
357 1561
633 45
1069 1143
717 376
1743 1863
1924 1226
65 749
1001 685
335 1421
1561 129
181 1422
1981 1941
1561 889
379 1231
1772 1278
1700 1260
937 1447
95 805
1489 677
195 645
1148 370
1790 1049
1638 617
1201 833
1993 637
857 1226
1635 737
869 955
1309 849
1811 1609
1137 1101
212 1331
590 736
1585 309
1126 1103
247 853
1833 1601
686 1617
257 1010
394 787
1470 1269
1462 1501
1612 590
1051 1827
166 1601
1806 669
1575 1621
1337 681
821 769
730 881
1336 674
405 725
1045 1237
1104 554
1871 545
1193 1301
552 319
1211 749
1841 1413
1256 1390
1726 326
1157 520
977 1841
1498 81
1762 161
719 1694
621 145
1506 1121
523 654
255 1153
41 876
161 877
152 359
767 645
1989 1665
171 1201
6 1616
366 402
898 9
349 1317
1181 1609
367 1167
1737 133
781 704
541 1222
134 1037
338 666
657 1566
299 361
601 1474
1877 525
1001 1931
858 1331
1541 1595
1939 1985
936 343
861 1621
1328 486
1763 548
1233 132
341 1701
1561 233
1525 1986
601 634
220 825
1940 592
1061 1955
105 1301
198 1857
801 497
1151 470
641 432
1475 527
201 1313
357 501
369 1691
111 649
1051 1776
632 514
1587 801
359 1157
799 1936
573 203
1563 273
1485 375
1345 1896
824 1
1093 732
1683 1215
1217 1826
1871 1708
377 952
995 1822
1758 919
313 473
500 1951
249 410
453 1511
1595 673
443 671
1329 1055
1601 1727
144 919
1497 1345
1793 651
201 606
597 1753
65 1505
1537 1396
1228 1134
1611 1641
545 1558
337 1401
914 1638
1801 150
644 751
1685 1783
967 851
1681 958
149 879
1141 889
1881 1879
1241 561
481 536
1744 1693
941 1974
869 493
1981 835
1714 821
1575 383
751 311
1899 1901
1127 230
1101 921
207 1546
1891 1521
556 1325
721 1729
1996 604
1325 1011
481 826
914 1220
1601 548
560 1153
1731 121
1967 113
616 671
113 1265
501 1134
785 1302
350 1049
327 1727
885 805
1984 1532
1263 1893
1201 1455
1651 1097
463 1185
1271 1231
1192 1185
830 1599
1589 311
681 1361
967 201
1321 1217
1251 977
331 945
977 1401
1215 309
733 1825
597 409
1035 43
761 182
465 889
798 515
553 1451
1841 1467
140 1191
1795 286
321 673
1643 944
451 1442
1857 555
611 216
70 85
497 1057
1863 1610
1031 479
1463 1736
1531 819
1588 1017
935 514
1331 397
1231 1761
201 471
1913 1893
1473 693
61 1983
85 1649
1423 489
817 481
40 1519
1695 1855
1896 1409
1921 671
1557 880
1325 149
131 1001
1425 1175
855 1877
1384 1101
481 785
830 69
1793 1006
581 56
476 1085
1385 179
209 1337
1465 1501
1969 1901
1263 765
697 1207
671 205
1817 457
1725 1861
1470 343
31 849
1939 952
1151 1011
874 134
649 1545
1004 1811
1197 505
1805 1477
78 1615
1588 1142
1815 701
839 1903
1917 91
1291 1927
1977 478
1881 897
1733 1240
1549 1809
361 1801
1887 966
1251 324
1878 1826
21 483
811 1681
1372 1680
1537 609
11 357
1095 1469
1901 1831
1281 143
227 705
1974 1069
1489 161
1181 396
295 1327
1241 1034
885 1521
573 1345
473 732
1961 1674
1435 248
1967 1145
1994 1589
1153 259
793 825
1449 1401
161 292
1053 921
513 1257
1151 1361
921 1918
31 585
1097 353
1828 1598
1861 298
532 1137
1197 824
298 857
1575 1931
801 1274
1552 1065
782 510
1201 174
571 346
1485 981
1803 801
391 1749
579 1041
1593 686
1181 1685
309 497
831 885
1821 734
1321 1709
53 1907
801 616
543 601
1097 635
1296 1598
1105 1701
951 1665
1801 288
724 254
1701 50
735 1718
481 1073
634 383
977 1976
571 707
921 1555
852 687
469 1296
451 1041
121 41
1551 256
1724 461
1753 1501
628 601
1637 114
187 933
509 151
153 605
1267 1613
426 807
1085 3
969 1341
1053 1601
1165 1068
273 1477
1281 632
176 225
1925 279
305 873
915 778
1027 1993
968 726
1671 141
961 1103
1401 941
1996 1957
666 776
1461 1991
115 721
1951 1511
727 1441
1451 166
1549 1232
1925 1353
1933 1520
1089 573
74 961
1449 1301
1421 1937
1873 1683
1194 97
837 179
761 893
1421 1741
1595 1891
1601 1873
1489 1293
1533 401
323 74
1071 1787
571 1483
393 1601
183 343
629 263
1597 1523
1529 1353
1541 1601
1339 1985
218 1205
859 1399
983 1666
371 695
81 1461
1033 1801
1851 248
201 1307
811 27
65 1870
669 1797
1701 1
113 801
1921 19
651 671
1649 553
673 11
1481 1421
960 1433
471 1416
1065 1535
1482 429
94 1639
706 629
1637 832
1106 225
1473 1241
117 929
1397 982
1711 501
963 1116
1021 461
445 880
1558 1321
723 1382
1331 817
1089 373
1589 907
87 101
805 313
1291 165
1001 657
1759 1884
129 1067
1925 401
1963 1981
161 203
1815 1867
1182 1031
1177 1995
1600 1716
1191 501
465 585
1979 231
1826 1869
600 859
379 1122
1761 921
55 206
1356 193
1489 1255
167 1425
1860 1413
1581 1217
1841 1923
303 49
867 1093
4 838
223 1525
1383 764
1163 151
539 685
293 1567
621 1631
1992 1148
97 1730
1601 1451
961 1801
1041 666
1201 458
49 401
1176 1745
1141 1116
57 621
1731 1870
883 877
474 783
1868 1271
482 1304
1790 883
1351 1415
601 610
1081 451
467 781
1325 681
1052 1841
714 325
409 549
561 1150
1908 1631
626 86
811 975
141 326
1311 1337
263 14
384 268
126 1748
1780 461
1185 1003
1583 801
1429 1479
833 1236
687 85
711 1
586 1620
1649 1425
1936 683
61 1457
871 372
1805 916
1915 63
303 1281
225 1001
810 1008
676 494
1777 1225
922 1061
1489 121
1953 285
731 437
1839 381
1789 295
1885 9
547 1996
1775 1610
615 1066
781 661
1179 951
735 1178
1956 565
1801 1276
526 1249
1 1881
757 1251
1137 303
101 493
393 1109
1772 631
1450 1543
1701 1215
1489 625
510 863
685 161
1761 1201
21 1662
1009 1210
1095 1501
351 1777
570 786
1581 791
1761 969
1893 986
1137 1041
1806 845
1873 471
1927 471
1850 452
704 1215
923 751
1813 545
385 661
209 201
409 736
1623 1514
1789 98
1259 1806
143 1626
989 933
1749 1029
1554 1940
913 306
1630 1
1089 360
431 1733
1713 1297
1824 1021
697 1425
1234 452
1755 1716
320 1031
1193 1289
259 1581
705 1001
1167 41
1145 1201
1188 815
1915 1835
753 1319
665 601
1981 1789
1397 161
881 1001
701 1317
1089 473
1506 1557
1373 1416
523 153
1929 350
376 1361
797 1205
613 241
436 351
1209 545
312 161
841 445
1687 1105
1681 1915
1556 801
1881 1444
775 481
1713 1561
1737 1546
741 1287
1001 391
1313 959
469 1751
32 871
1949 1255
1456 1061
839 891
1000 611
207 1876
1105 1536
858 537
281 1621
101 1057
421 243
1339 1971
763 567
1156 257
1241 57
817 1647
1988 1677
793 51
1051 627
1517 2
848 1101
1629 513
856 1819
1009 91
241 121
742 1301
101 1371
737 1306
290 569
1791 1230
779 741
733 65
902 221
1711 841
721 54
1693 885
852 297
776 1
321 421
817 20
224 1029
361 223
506 113
425 1492
465 301
1217 279
810 361
338 1571
1137 151
1766 1121
1100 1124
191 1473
1054 1461
41 1
241 1373
1697 103
1255 1625
1743 1266
532 289
1921 1421
262 1121
1896 762
2 1305
186 51
129 950
939 940
1043 1800
21 1549
1341 1001
1140 176
381 835
1983 1089
1761 1605
1 1049
718 831
336 1437
1783 1525
121 1697
625 1331
1941 1818
683 1251
178 1250
1399 1329
465 1753
49 471
873 1900
1585 337
321 545
125 1054
1905 523
1331 61
468 804
1443 1517
917 601
57 1681
1432 1031
473 369
1062 1897
751 1605
72 1873
81 1481
225 501
1905 1405
1621 1509
1741 410
1795 410
1226 42
1681 131
1285 89
1641 1849
291 1451
855 1891
449 629
561 725
847 807
668 1771
1609 1931
1172 920
641 653
676 761
1491 485
1001 241
289 1669
1681 33
1955 51
53 1651
1724 1676
1490 1617
1041 1585
453 1231
841 889
113 949
1787 641
1045 1750
1956 777
354 1193
1727 586
1044 1825
395 1408
1881 1955
1529 1330
1687 573
663 389
1906 1209
1903 1265
598 1761
1 1151
1401 325
98 873
542 1101
1969 1505
881 871
1858 953
21 841
1049 261
875 208
656 925
1051 767
921 833
1872 301
1705 760
1621 1025
1232 497
1993 1761
781 1851
1299 1681
236 1276
577 287
1626 1829
665 810
1861 705
1937 1130
43 1981
1169 1651
261 1790
1263 1501
125 590
926 821
1865 601
705 1543
1109 1666
1657 151
336 1606
301 714
835 801
729 1020
665 788
901 248
1421 1071
1889 1961
1443 171
1127 893
1057 1893
1587 627
49 1837
1424 1089
175 773
677 557
206 1577
1361 790
77 558
69 1596
881 1398
1185 1529
1541 1217
245 1385
1020 556
1701 81
882 983
1281 281
933 631
681 1983
399 961
1796 1721
1785 1415
837 1961
195 621
1001 1826
1407 278
1292 261
1001 1131
1457 9
377 1001
161 1735
544 1969
716 779
1140 1216
1449 1226
926 1387
1333 558
1073 1001
585 193
417 599
821 1696
493 32
641 643
173 1426
465 953
1217 1395
1249 1789
1801 3
1021 476
115 1447
617 1795
65 869
69 325
1501 1651
843 497
1041 1135
641 1713
531 1392
417 986
1703 226
282 853
1831 1807
62 361
607 466
1293 533
1333 209
626 1750
1615 1001
591 1023
421 1470
51 1816
1061 1638
334 215
1491 1119
1 1431
1617 799
201 1785
346 1389
1216 1410
1361 1341
1583 989
161 1894
31 1474
1733 1494
1008 1372
861 453
786 1744
1032 553
1361 205
809 1651
553 121
1979 666
982 1582
477 301
209 873
1425 262
692 1227
1835 680
275 450
1261 617
1761 699
877 767
11 312
691 1992
1898 1953
609 1301
1992 741
1741 1116
1992 325
1159 465
1558 1873
1024 1286
1231 41
726 3
1661 1732
1497 899
37 1258
105 351
407 1703
205 792
213 1240
11 191
723 829
845 715
1240 1683
13 246
1011 1173
798 1481
896 815
1423 1233
1809 1898
1836 1318
1769 1925
361 1798
1074 161
1521 505
467 1
813 365
873 1790
111 1551
1801 1635
1521 443
1918 773
549 561
240 379
21 439
721 937
1553 1191
1681 1997
1376 244
1521 1290
1037 1661
425 803
829 1027
1105 1451
1397 910
1672 1561
1739 1052
537 1161
1296 759
1297 521
1175 481
529 977
690 381
1403 619
1106 147
1851 1381
801 1738
1001 539
1269 31
857 421
1099 1666
822 602
1280 881
1735 515
1775 251
901 475
637 1090
441 1554
115 269
1601 48
449 482
1592 639
1201 1623
973 1655
779 661
1517 1429
1951 1555
822 18
349 753
1477 1856
1788 231
1483 1221
963 449
817 1719
977 448
1289 414
1563 677
1163 545
821 1751
69 166
1276 801
389 5
164 885
1001 1697
1036 501
1606 945
1873 653
710 444
1581 1408
1 1483
401 1431
1799 555
1060 901
1199 1887
285 45
1076 1577
1759 236
1546 1563
1469 1771
1930 277
599 1903
1887 556
1198 1018
251 780
1221 1601
1221 812
1421 252
833 351
913 61
1462 281
393 1761
519 200
83 1816
209 1312
1885 1681
1425 477
894 1347
733 1133
1275 730
4 1995
1817 1868
685 417
469 1166
241 1129
495 887
1748 368
336 655
1873 1103
755 1851
1941 841
109 1136
1334 95
237 1173
1931 1261
1593 181
1124 1221
1355 693
1089 1681
1094 562
1081 805
1478 548
201 1793
1296 1959
805 971
1599 201
1754 380
1553 1217
1001 521
193 1224
879 1547
1021 631
1125 1801
872 371
1331 1546
1346 513
713 945
1567 1201
1365 992
1783 1006
1569 1441
1423 297
469 537
1626 1879
1276 991
1613 487
1219 59
408 1211
1824 1934
593 1312
91 1305
1550 1251
1796 1507
1461 1545
125 1426
941 1133
1910 941
891 1855
913 345
1051 258
935 1147
681 1851
1105 1036
69 185
1711 817
361 1561
601 1989
949 577
677 551
1131 1578
201 1240
1501 1376
620 321
1377 1757
229 601
671 1575
1241 1976
1011 1161
551 576
67 1778
366 1786
1744 251
913 1929
711 1365
247 1301
864 784
1208 1035
189 441
1338 320
1191 1538
503 614
536 849
1518 1281
1181 931
1975 1763
26 491
1193 1937
771 366
133 701
751 872
1985 797
1255 465
1750 1489
1797 705
1409 1197
186 321
19 440
438 1987
1721 1478
89 737
1347 1746
691 301
1060 986
909 1217
1197 1547
1627 1697
612 1307
1800 281
651 621
223 93
1119 1749
1291 329
970 541
1781 681
1319 1422
1109 401
583 531
1729 1886
1465 1329
1857 266
377 971
1431 983
354 141
1159 129
766 1989
116 1151
1292 1411
199 49
400 1627
1691 251
526 706
826 81
1281 1301
221 1913
1229 838
495 1538
1461 497
589 1565
1695 194
77 1327
279 1821
1798 17
1107 747
689 199
886 1541
1116 101
337 1319
552 861
771 511
1444 1776
1753 681
1629 364
873 1777
669 249
801 1095
641 673
801 1437
1761 753
1377 979
748 630
1945 728
1921 557
277 1725
1559 1184
1820 42
1566 895
1740 1420
1702 1641
997 1001
1119 93
384 1481
1454 771
1307 1555
141 131
1849 1823
525 1864
191 462
278 118
416 1003
1727 1924
71 1725
1086 1770
1338 701
1680 891
50 46
1512 1357
495 344
1651 1181
1243 1233
251 371
523 377
971 124
1385 553
1041 309
445 456
425 1233
402 1301
1811 396
181 60
1030 521
1099 918
545 1061
849 967
459 371
747 1684
596 121
1045 801
371 630
1020 1811
1673 1871
597 1901
1540 1545
361 1371
882 50
727 528
261 1817
1419 1013
1181 192
406 1122
1050 1537
401 1085
882 1303
341 117
141 243
801 1791
1899 864
1017 193
470 396
1346 221
727 1913
273 289
401 1797
1303 820
683 1211
889 905
899 493
317 1251
804 151
1908 173
345 156
689 489
1453 1427
855 861
17 231
1080 902
926 551
801 1611
711 1117
1601 1913
833 1427
410 836
1606 1052
991 1592
829 1091
65 477
1825 48
701 1807
619 1437
1361 1111
330 1545
1 396
1823 58
1761 1501
57 409
285 1297
249 457
1320 640
5 1089
321 977
76 1165
835 1307
543 1230
341 708
1973 1057
1557 838
209 1
1556 1854
635 145
153 273
1851 1049
251 1729
1251 1645
1229 1505
1526 679
476 1985
401 699
145 479
1749 1112
1161 1367
1617 1449
1371 665
965 1361
891 401
1319 1523
538 937
1885 1855
527 422
177 449
1969 1441
1265 1234
731 794
1569 194
1142 627
841 881
102 422
1833 1193
317 726
467 931
924 577
1296 1222
1138 508
196 1281
1776 491
961 1183
1801 1873
589 497
1272 101
56 1327
1441 901
1601 1229
1351 615
1065 65
1041 977
1007 1814
795 1667
762 1960
1579 1553
1258 636
1836 1611
1513 472
1671 287
1924 509
1681 1262
1476 1507
1831 1276
1124 601
1724 305
1965 363
185 977
851 1938
1135 1350
459 525
352 421
301 1791
1073 469
1119 875
1717 305
1466 1706
319 1665
1089 1226
90 816
1443 1327
390 351
129 343
831 1773
1747 1608
1014 1141
593 221
1265 1401
1001 186
425 296
1277 1195
1407 1009
60 1211
1051 1005
1165 1322
1131 503
1767 15
1631 1571
913 1961
1904 656
27 601
971 1914
96 1521
899 592
77 284
1459 1788
1461 349
1753 1745
306 937
1013 271
785 16
1681 1721
605 1531
265 181
1889 1389
165 626
1774 713
192 625
1081 1393
1666 305
356 481
1436 1886
749 1512
755 1357
1729 1508
871 661
1081 1953
607 535
967 389
541 1445
1729 1040
1957 1393
136 301
805 181
953 111
1777 1793
1773 1867
1607 1617
698 1477
1286 1089
1137 1
1 1931
362 1103
1187 1162
845 601
461 1183
607 169
401 1327
1581 161
981 1274
1876 1585
1575 460
1273 1505
1669 448
1313 946
171 1318
701 1585
1904 1145
1001 71
833 481
1916 853
729 518
1959 1931
761 1009
1371 1245
732 211
1649 677
397 1992
1957 873
369 491
1851 1741
957 1377
897 1169
1186 267
601 1167
156 153
1009 1225
923 41
921 1899
1949 973
29 728
976 540
1263 59
1905 596
1888 1884
505 776
1024 1697
241 1185
1711 1735
1122 1677
128 1825
1819 104
1811 273
1465 1377
1921 1601
598 1177
1393 889
1427 1385
1617 181
845 1283
591 671
1311 901
340 1270
616 339
1945 1928
1525 1177
746 1606
909 689
1311 1765
1311 568
1971 121
1224 1585
186 105
645 1993
1234 1339
1692 107
1594 1778
781 55
260 1367
1476 1200
1141 1646
1355 1837
1089 1171
1465 1101
474 459
536 45
549 1623
493 371
1989 247
1713 1673
966 1281
23 65
1624 1638
91 1253
885 1259
1607 1144
651 1941
971 1651
161 808
1578 464
1577 1178
1626 193
200 81
1265 801
1881 192
841 1751
1437 835
1025 970
780 1131
0101100010000110010100001