3000 5000
2475 1435
2025 2786
2034 2851
1051 71
1633 2569
2556 2881
1480 749
1126 741
71 1571
2477 478
1831 1629
1597 993
2764 1553
1831 1236
1933 2233
2489 2386
125 1748
2416 2889
1879 301
2326 2761
2428 2767
1230 2357
1211 1869
631 2049
2876 2551
2735 2161
2281 581
2950 118
1625 1401
827 1119
1550 585
2289 776
745 1270
2886 369
268 649
2057 2451
1153 1257
1669 2049
1742 2041
817 253
1039 1297
733 921
188 427
1701 1067
853 1075
2565 2878
575 1522
2585 2822
2071 1117
2381 13
2567 1101
2903 985
1396 1728
2053 949
955 2351
2824 2837
2993 1249
1441 1681
2005 1539
801 1349
1861 1988
2261 1785
2501 1881
1645 2962
2597 2036
1481 1401
1825 499
1195 2441
1554 1369
2785 1953
137 975
2321 2801
159 815
25 1008
76 251
1426 2341
1057 691
751 981
178 2213
724 976
1546 2482
779 26
481 1315
1617 1026
1537 2287
1957 1361
2515 1295
2067 1251
913 1303
1551 2785
2577 1204
1121 2617
2573 2776
1393 559
2391 1429
739 2545
726 1720
1498 2985
2797 1371
2723 1
1780 2004
1385 841
283 2524
2637 2951
556 1609
1423 2004
1301 1841
2449 58
826 801
1228 721
1012 2293
2193 263
263 559
2925 2515
319 2067
1341 2167
2128 889
2616 1047
637 743
2963 2350
2741 409
2181 751
1528 916
379 1729
997 2041
1851 2440
601 1609
1776 1311
2789 2011
649 1461
2923 271
937 1501
1746 1501
535 746
303 2991
1231 1777
777 457
2371 2286
1321 1621
125 2146
913 1711
2365 2081
2297 511
295 2979
1879 37
889 2581
741 2185
1024 706
99 1027
1117 1747
625 799
2005 2966
881 2958
1769 997
2909 217
2389 310
2671 1903
202 2112
679 618
145 39
1261 1673
1789 701
1555 1681
1345 2481
145 2713
1041 2695
2200 1949
2194 1691
697 754
2035 2923
2237 249
361 446
1258 2977
1030 997
2836 1021
1137 2234
761 2686
2665 1481
1270 342
2137 1039
2953 761
215 2665
277 1132
2614 317
113 2221
1249 2761
2011 901
1519 1486
2914 1121
1507 2761
2044 843
215 2233
1813 1906
2081 361
2713 781
901 562
976 2002
1061 214
1645 2508
2377 640
1057 1999
2737 2275
1501 1225
701 1683
2529 1163
1765 457
1741 1093
353 851
1471 2365
2441 195
780 2767
160 1573
526 255
1956 1957
1669 919
577 2426
695 793
2062 445
356 2956
2091 97
2767 109
855 2491
2446 2761
1465 1718
4 1489
1207 1009
2929 1999
882 2308
46 2859
421 1189
319 1713
281 1537
2361 241
1041 1753
706 351
1085 2941
343 229
269 1168
162 202
2254 1708
2416 1621
1393 2662
319 1156
2681 2016
691 1141
2200 2121
1591 1376
1136 2146
2503 1239
2761 1065
929 846
703 1567
286 331
1075 994
2661 129
151 903
841 1465
313 847
1336 2557
1015 1106
1825 1921
1841 2578
1177 1930
2867 303
525 1168
2513 617
1228 280
1173 181
2787 2545
1964 2747
2428 977
889 2621
2131 397
1126 2469
1147 759
1607 2866
1759 2054
528 2891
2081 2773
181 103
2185 661
701 719
1 2206
169 1669
1781 1423
1423 1807
1255 401
2049 313
1507 1523
421 1413
36 2441
229 185
2521 2876
1441 880
2041 2576
2761 1931
151 2707
577 1151
601 1289
2400 491
2741 1643
2936 1553
2536 1033
1983 2233
241 1927
2913 289
1186 2803
2473 169
2518 2081
1589 81
916 2437
1657 676
504 2341
1339 1665
1349 1445
2188 1801
1703 721
249 625
2425 2041
1456 1413
1301 1961
1081 2989
2755 1141
309 1375
391 512
2493 43
169 121
1666 491
2761 1951
2971 2886
1049 211
2821 2809
9 1383
1300 2706
2521 2751
2650 1645
2461 960
1001 937
337 1960
2670 249
2633 1561
376 2261
2761 395
86 2647
2623 595
2701 337
1071 1591
1402 1876
868 1351
1701 1012
817 2869
967 1709
417 2041
252 2021
2395 91
573 493
2261 2542
187 541
1850 765
433 809
2001 2128
1309 401
465 61
1843 2101
2901 1625
1379 741
616 2860
2915 61
2491 1799
1398 1845
2775 1109
786 2401
1651 1302
553 277
2689 2556
2257 1449
2030 2001
1896 1621
2559 1473
929 409
1561 2706
646 1659
445 521
553 1282
1005 1414
1601 1558
333 1483
567 995
2053 1993
637 1875
1321 2647
682 1181
2001 217
1357 1526
2932 1718
209 110
1161 908
2989 597
1693 553
2455 2305
2920 2699
1876 736
2451 1913
2953 1646
2911 2465
1559 1870
2429 1248
2129 1079
1879 2528
561 1857
1447 2961
2263 2920
1807 2293
1625 1886
541 1867
2605 1927
1617 17
925 1
1 299
1107 2437
499 785
2379 185
2326 1345
1441 224
2249 1704
2611 73
2111 2453
691 436
1381 763
1306 2377
2767 1461
618 261
2341 844
1829 1991
1357 2835
85 2553
371 513
13 2169
529 421
71 2069
989 2961
1786 2709
1333 193
336 2434
889 1641
441 925
2841 1626
1126 595
1626 2479
2551 1
293 919
1121 1009
1 1693
637 1345
60 1913
293 809
129 221
2745 1537
769 25
2324 1201
2519 165
1747 41
2841 661
2897 719
2426 61
2329 1351
2305 2477
1243 1204
1003 243
5 1991
1361 1057
2521 207
1564 2155
457 715
1225 2089
1377 2326
331 2897
2671 2589
2765 1719
2491 2436
403 1006
1639 2481
1741 1265
2370 301
2905 1336
2041 2219
2064 191
2965 1849
2362 696
2484 2792
2791 2441
528 433
2869 537
255 441
373 537
241 1193
1953 2869
1716 2992
677 37
1951 1105
2027 1090
1261 1073
1375 2126
2689 151
1081 2665
1261 1491
161 2749
691 1489
2371 1537
2196 1351
663 970
1201 649
517 2371
1057 1209
1678 397
1986 1765
1017 566
1407 1561
1276 2380
1057 2231
2745 145
277 703
1529 611
2281 2017
2789 2485
1982 697
1975 1744
209 2353
2511 1615
1732 193
1201 477
1101 1499
2370 385
1869 601
679 666
2542 1495
2085 979
1051 2913
25 581
814 331
2352 1803
1519 869
318 2449
1551 1351
2881 2093
791 1945
1682 1261
337 1769
2238 2281
1001 1385
2233 1516
1 2383
777 1929
1214 50
1864 1763
1231 2023
2627 832
2730 2861
376 549
922 1873
1075 2549
2179 961
545 1699
643 1
1751 2301
1024 1612
1985 1541
535 795
2701 1941
1003 121
434 1932
2161 649
1835 1089
1957 2707
1195 1348
1609 1075
215 646
226 1016
361 796
76 1601
793 2287
2479 2623
871 36
847 861
2539 1105
2701 2881
2353 2361
2803 2728
1273 1563
142 1211
1222 367
2751 2341
113 403
1426 1109
1057 2521
1006 1536
1981 2831
721 2441
801 1456
1393 574
1642 838
1135 2797
2049 241
2179 1233
1987 1177
1959 2721
2537 1561
297 2181
2070 2569
145 1489
1609 2816
741 137
376 1105
2845 613
601 658
1836 1900
2441 671
1501 541
1141 1801
2238 1711
2053 2503
1481 2458
2801 1477
2005 2571
1613 2717
2897 1601
2455 1157
2719 2977
2681 1613
2943 2454
2993 924
157 2373
2613 1561
301 167
385 1821
1180 2176
1381 2273
161 1296
401 2891
1906 881
2657 2071
1588 1977
2366 413
1969 809
2297 451
1526 1047
2977 244
757 2494
2746 2922
253 2467
459 842
2821 1336
881 808
1976 841
2956 1755
1207 1366
556 1272
283 2558
102 601
1665 2230
1650 2169
1256 16
877 1961
1531 1057
1 296
2725 339
825 997
2061 2097
1753 1765
2281 2988
1651 1681
2495 325
1585 1102
831 1057
461 301
993 561
2111 697
2865 506
135 1134
454 1237
157 2875
1813 2476
697 1766
2291 2773
2881 181
1507 1229
2255 493
189 2726
219 433
1978 2638
978 2185
325 2281
2359 2261
1434 897
2389 1273
2720 1089
2125 2986
889 1321
2393 751
386 526
2071 2245
2455 2326
1609 1676
1363 1868
1115 1817
353 1623
2923 1429
1343 706
1251 2233
606 1660
1033 603
1937 2167
2851 1121
395 2443
1067 2365
1805 2320
1001 388
1435 2647
2027 2021
1673 1555
1192 1996
2980 1640
813 1909
586 1153
1595 2347
1901 649
2551 1465
1681 489
1849 181
1229 1558
1465 2405
616 2682
1589 2203
2414 1309
2051 2697
721 2203
1901 481
2105 1066
691 736
1485 2491
1987 2911
675 1809
251 1450
881 1454
473 526
2914 1876
2711 1425
2920 1260
2362 2551
1993 1270
2916 579
121 91
1661 2281
2992 17
2266 2463
351 2998
376 1569
129 603
1825 2401
2335 153
1297 2626
2776 1521
1931 2973
1786 1096
2897 1827
2359 2441
1441 1046
901 105
2221 2013
991 2155
1003 1059
1826 1
563 2839
925 88
425 2935
2106 2630
661 1657
2921 97
2758 2540
1668 171
1981 1957
421 2945
191 1596
1609 1558
2791 578
353 1041
76 281
1917 2740
1801 1753
861 36
1189 549
444 2681
739 1717
2667 2217
748 2538
2161 1303
2599 1001
1360 1733
313 733
2802 2393
1129 1534
73 1721
1741 706
2593 1759
2737 337
692 1081
1486 289
1061 2425
1009 755
1030 376
1391 361
853 673
751 796
1504 1941
2593 1691
1025 268
2176 705
569 1217
377 2633
363 331
2269 1617
2770 1177
226 271
781 1816
1401 2497
1969 537
241 763
313 2122
1911 1289
2237 2175
2525 1171
1761 1249
1276 2958
2469 113
601 2509
1251 2009
1953 2131
998 961
665 2841
1537 1429
2511 1699
1999 239
1245 1003
2165 1873
159 1978
81 392
14 1897
123 2566
1411 1003
460 391
958 540
1099 1976
601 426
2511 2245
211 94
1761 2665
1025 1369
1784 545
1411 151
2176 1501
2446 1912
1237 353
661 2289
2981 871
397 934
1040 2116
589 2971
1768 1417
1909 1605
1305 1961
475 841
2563 1825
2468 2833
1351 1378
2889 353
265 1981
2435 1534
2817 2521
1 1107
2753 1869
2297 25
1569 2721
2852 89
2649 628
877 2548
2481 2287
143 1639
2821 2697
2911 349
209 1477
215 159
2881 1299
2023 1296
1259 2391
1811 2947
1621 93
2665 1345
212 1899
1882 1649
365 175
925 489
1601 241
2085 2441
172 2362
1477 2651
1327 1769
2012 977
2661 1447
1050 101
809 2329
1577 1665
541 491
1383 1009
719 1362
301 9
623 376
2609 825
505 2527
2173 2368
1993 2071
1462 2691
1027 2351
1921 1106
2100 1179
1580 1255
103 1837
739 2441
785 2517
399 361
181 2700
2872 6
1849 529
529 2027
2311 1402
1381 2294
329 432
377 284
2597 1401
1216 2734
1471 2682
677 483
778 1609
43 1615
2645 1645
2293 1606
1749 1465
345 1345
2551 1381
1941 973
1811 1831
1496 2433
2329 1361
721 2886
101 2253
721 1001
1895 2137
1582 901
2337 273
985 1141
2341 2391
401 1236
766 1209
2115 2785
1381 1033
706 1805
561 1121
2047 2605
1645 523
2436 2105
646 196
1531 2472
1849 2233
529 1606
1642 967
440 2551
854 1591
1321 1201
2626 37
1978 1101
713 1303
1221 301
1717 2916
1682 2484
1149 301
1345 1418
1677 576
2785 49
966 1105
2001 2881
951 960
2194 1698
145 1001
1711 2176
1708 1891
1145 598
2391 1356
2361 26
961 1987
345 2587
721 218
1058 2223
2575 1765
1745 532
43 1808
370 1383
576 1049
487 271
2485 2459
1057 1876
177 2925
1110 32
2629 1111
1561 1001
165 1549
2727 658
2153 2794
1433 2480
2251 2869
2926 1915
2880 1801
2521 1780
2449 49
2731 1765
581 2698
2661 2281
1366 2791
1041 1587
1221 88
2551 2437
1779 1231
1651 211
771 1483
1321 2244
801 363
2587 664
1111 806
1097 2446
2837 78
1967 1246
1066 98
201 1783
2905 2479
1784 1641
510 2279
1241 1819
2509 1101
1179 751
1133 1646
2179 2501
2995 61
526 1525
302 517
2679 483
2191 853
2797 1231
1763 991
453 57
151 2534
1171 1881
333 2300
1385 2185
481 1697
2937 403
913 2956
1717 1157
2353 856
1807 1079
1493 1753
151 1006
751 2781
961 324
2379 193
491 1126
1293 2401
861 2371
2811 881
931 183
981 337
2149 2446
1123 1181
22 2545
2497 1914
965 745
1059 2197
1105 2521
103 2281
301 777
2749 536
1655 285
1921 668
1429 562
1825 2215
1903 1344
721 2413
681 1985
145 2425
819 571
2419 2117
1354 2585
1429 442
1766 211
1369 2196
2905 2515
1657 2524
401 298
1465 1462
871 2220
1657 2551
145 451
626 654
2905 741
195 1069
522 1321
2221 982
2777 865
2941 1527
1241 289
1857 1264
974 1244
2714 965
2119 1
505 2246
1441 22
2407 1021
123 479
1407 1296
649 2031
2113 2593
2271 473
1471 373
1473 1592
2041 349
11 2187
1929 121
1521 455
2151 1461
1115 1041
1345 1516
562 1126
1447 457
1384 626
1569 1543
702 1497
2686 1879
951 497
1316 130
726 1461
814 2524
2321 2893
981 2932
889 928
651 16
1801 793
377 1204
1990 1521
433 1549
1056 2401
2683 907
838 301
1789 2109
1896 2689
2341 2479
441 2791
241 714
2791 2411
1009 684
1201 129
202 2389
1613 457
2925 2941
1042 2249
2494 1786
207 2306
826 28
801 835
1339 889
655 2461
1006 982
89 2633
925 1637
166 1891
961 1654
1403 2557
193 2309
2064 273
991 951
2131 841
1645 1741
487 495
31 2497
701 2989
653 1306
1144 1377
2765 116
1693 1309
1202 2745
1201 1696
633 1401
2065 2091
577 196
2587 2661
1009 457
901 2041
1459 779
2776 1
53 2495
386 1221
1089 2631
2203 181
1765 1949
2921 145
241 1801
655 241
2472 617
1489 2023
1921 1211
613 2366
1915 1161
797 284
1015 1891
2257 2425
88 1999
1345 673
2417 1276
451 1161
2301 2449
2383 1846
121 1029
2332 238
2065 1455
2921 1881
2785 954
1249 784
2477 67
2353 829
1249 397
1417 21
706 1966
1569 1561
1483 1231
2716 2653
1378 489
1051 1020
1641 1261
2842 233
201 2385
2065 2969
1733 2394
2103 2657
253 1123
601 1981
1776 1801
1450 2391
334 673
2251 1289
2430 2245
7 142
226 1753
1333 2053
2743 1603
2104 997
2671 1268
358 2611
1233 1355
1821 1459
761 2851
1265 349
2521 41
1339 91
361 275
1521 2374
2851 455
349 1417
79 2127
967 1765
111 1934
1196 2185
349 2489
1616 339
2621 554
1 1885
2350 1889
2533 1693
1125 377
2540 2041
1861 2137
2964 1552
55 1680
2178 1374
185 665
421 813
452 795
871 2329
361 1678
2191 1237
1261 823
2106 259
1961 701
1501 49
855 1263
537 1201
2215 615
1713 2095
769 2581
2246 1085
534 669
619 1828
1325 2953
2029 2332
1416 2206
1313 2721
809 2821
1117 2251
701 2282
2156 2998
1148 1426
1188 985
205 153
2911 2251
933 751
526 2877
2279 697
7 2174
2443 445
625 1009
2429 2359
2897 718
2530 2053
2104 1321
439 1195
1871 1561
122 675
981 445
1739 2941
1057 2581
1697 2393
556 1121
1937 890
487 2376
1681 131
801 1153
1699 4
901 1933
2313 359
796 670
541 502
1858 816
2785 2571
1145 2051
2991 505
237 1953
826 2825
475 2296
2677 1405
2133 1810
121 1423
856 476
1913 313
721 2571
1951 994
1032 246
2536 1880
106 581
829 749
901 1141
1174 515
1117 486
1591 901
2101 1577
1216 1933
85 739
1318 1956
1993 337
1792 1817
961 697
829 748
1846 2264
2356 2727
2196 1901
793 179
2453 2527
145 1065
2554 2183
2621 261
905 1561
2695 1913
1771 2069
2836 1657
848 307
1119 2593
2059 625
251 2265
699 1901
3 1776
1036 2961
2029 2473
2761 1049
2893 2617
1069 1539
683 1051
1975 333
695 220
1421 69
1951 1821
2731 2236
2269 1861
1153 83
2921 2101
2077 1921
2037 1339
2821 1815
1243 2233
293 873
1133 1253
2519 57
1609 1997
884 1729
225 1
2356 1825
45 2633
106 1437
2889 2761
917 799
811 2077
1336 1776
904 67
601 2531
2713 1505
1381 1123
2364 426
283 1226
1617 2151
11 526
2620 1497
2188 1093
1645 2797
332 1821
2071 2096
1745 2864
694 2873
601 1402
1031 1503
1290 2101
757 843
2329 481
2218 970
1835 2701
1942 1301
1385 1153
676 1899
2857 2068
2521 76
2068 1637
2467 521
2746 1664
2323 2389
2521 1080
1157 1063
2481 1873
1915 1817
865 1831
1201 36
2473 49
2914 910
2145 2839
151 1956
1 1846
2160 433
313 2905
1764 1126
112 1138
905 1681
1701 1117
1503 345
1147 1577
463 2023
2893 665
1181 2569
673 2745
2431 901
913 2185
184 2369
133 863
627 25
85 2011
832 979
587 2453
637 2422
2374 645
2301 1186
1831 229
1617 1321
535 994
1737 61
2425 2337
2101 1147
2037 2001
2267 2421
2412 814
1129 309
49 2641
2347 1873
2545 2411
2096 593
1591 1437
376 2751
1861 505
1899 2170
205 97
1915 1435
736 2851
2646 2233
2051 2266
529 2761
2401 2372
361 1681
1713 1714
397 2823
2972 1657
2782 2521
2955 2549
1831 2021
1961 649
1401 1649
2306 598
1733 831
2596 1120
646 1567
1837 2566
81 1100
705 73
985 2539
2500 1540
907 509
2476 2269
2201 1699
2524 2041
280 1597
2555 2881
478 2923
170 811
516 439
801 1226
1249 2905
2825 2261
2901 1831
1624 308
1477 1506
336 1121
2753 563
2400 2916
352 1852
1876 1331
2276 601
1049 563
151 1413
791 2379
522 289
18 572
1771 2257
1511 2876
1836 2168
421 2553
1804 804
913 1401
181 1678
1005 2194
2841 51
2321 1075
2513 586
2902 2265
282 797
196 1271
1387 669
681 73
1891 699
491 333
1985 921
361 1524
1951 513
2857 2401
2791 2096
1688 1889
985 1701
758 1793
620 1999
1513 2701
1753 1796
2524 2360
1284 2233
739 1057
1633 2561
2041 1681
1705 889
1321 895
2869 137
2796 1603
2302 2191
1329 846
964 1217
282 2292
445 1541
1361 472
43 1075
809 1976
1121 839
139 2903
1705 344
2019 1900
746 1525
1486 1641
1021 1925
583 2026
749 2453
2793 997
271 1348
1361 321
1345 1657
73 1481
2187 467
2269 814
541 1363
1222 1851
901 2623
1306 1603
2011 2521
1805 2079
1429 1603
81 2851
49 2296
2888 327
244 1519
1193 178
2797 785
2182 235
1437 1105
2803 2464
1513 2002
2833 2161
1323 2605
2176 2983
940 1489
535 241
967 1591
357 2249
681 1607
1169 1529
2589 2073
2964 1320
24 2884
622 2421
110 1301
11 1207
1401 2908
1949 2845
474 946
1738 2972
587 1376
536 1985
941 451
2965 846
1585 1321
1673 1585
501 2082
217 2971
1265 1401
2809 789
384 991
915 523
573 2285
109 545
2179 763
2458 2529
1189 223
2721 676
2581 2011
577 2801
2264 367
216 1
1288 2281
668 2995
1651 886
2041 1529
1591 121
903 418
1 2137
1 2721
460 2335
193 206
757 697
11 1585
883 745
1294 593
91 2467
1146 463
1865 1921
1421 1087
2629 1459
989 361
1890 901
1111 2859
291 201
1801 1212
2751 2355
1730 2977
181 2957
2126 721
929 1369
1876 2318
272 711
2551 105
151 2491
1685 2593
2284 2851
305 1876
1321 1380
1447 2681
1196 2237
729 1633
2293 2767
769 2477
1504 1689
926 1201
2974 226
1308 646
640 321
136 1558
1723 2425
474 1933
1801 2767
1077 700
833 531
53 2041
347 573
2349 1093
1061 2096
748 169
1567 2593
301 1979
1754 1548
2209 1273
169 1379
2551 425
2560 681
565 1936
273 1714
1321 2181
755 2906
2821 274
1404 1505
2575 1886
2501 961
1707 1450
2977 1303
104 159
479 1181
2201 353
1975 343
149 2065
781 2975
2503 1571
2579 2193
2493 1171
2551 827
196 903
373 128
2104 1744
1928 1757
2350 1534
2633 2417
1015 580
2809 2026
1474 2065
1180 1513
1030 1433
2101 2203
1467 1231
491 2926
386 955
1366 2176
274 217
1801 2005
2978 1121
241 196
1361 797
1249 1186
1971 1545
269 487
2454 2448
481 1815
431 2379
1585 477
1485 1325
47 781
251 881
481 1225
249 2401
2921 2633
1609 2686
1049 1066
577 1459
1465 2789
2497 1582
1779 1180
469 1193
22 1105
1705 2089
2800 1321
2101 1536
958 339
201 801
679 1809
1485 2146
2485 391
1225 694
1 2733
955 511
1674 1401
1837 2745
1441 1739
2938 1441
129 2187
1 2909
573 2521
2353 931
2171 511
1601 2921
2270 1906
1615 2659
919 2313
2906 2757
2636 1021
2392 2673
433 2622
1815 916
2146 2973
1774 681
2281 12
2701 1340
391 1536
215 1481
2497 1497
2480 1265
1930 1853
220 2221
2113 471
31 265
1401 386
2361 700
2035 1542
1453 2329
2749 1975
179 373
2161 881
326 1741
2643 271
2583 1489
1193 16
125 721
1168 539
937 412
1879 702
2161 576
825 1663
1911 2605
967 361
1493 2893
632 1567
1054 1909
337 501
2251 1549
534 1081
148 2806
2901 76
797 534
2401 934
1461 1584
529 1037
1291 895
760 1494
2057 2011
283 2520
2763 844
2377 2971
2791 2025
2281 27
2443 1087
2964 576
2241 373
2289 2837
2945 1669
1843 2053
1465 707
2946 1071
1901 702
1906 2821
358 1381
1056 2085
251 361
847 2251
2793 1987
2273 1981
2849 793
1045 2076
601 1271
2824 1849
1729 1075
2089 1989
847 2353
2678 553
2627 2891
513 433
376 2353
1098 976
915 1645
1265 775
1183 285
1321 1611
1723 1961
249 2635
738 827
719 1946
1813 241
1489 1251
2369 2531
148 1921
2373 761
2805 1634
2545 1501
2467 2936
1259 1209
1066 2089
2263 2297
1972 2496
2198 129
2770 1701
2969 2086
2701 2101
775 1651
2121 841
553 688
341 801
737 229
2554 1481
1741 2929
1759 1045
2566 1905
1233 1966
651 2137
1791 2373
1001 2313
1741 355
1497 904
2905 2093
766 1647
1251 1587
1815 756
2521 1406
533 1174
872 1447
2031 1297
785 2958
1942 1946
129 451
1793 2221
1917 937
617 1093
1501 469
145 388
660 2139
2665 729
1231 1021
2146 713
741 2319
1831 221
601 871
2909 2291
535 2299
850 29
2395 2981
355 1129
69 2216
251 2275
2497 1462
1296 1526
2055 688
2391 491
2509 1876
893 697
1001 1117
638 2289
821 1156
2362 352
895 2196
169 2342
2203 585
2104 139
2545 2405
171 551
2440 217
1311 273
2902 697
1977 2233
2005 2017
232 2764
1672 2425
2569 1333
2105 2091
1861 977
2776 2661
1224 909
1481 461
45 337
2595 1101
541 394
1561 2385
1644 113
297 1009
1921 997
1321 745
2857 2874
2373 2987
11 1145
2113 145
1021 569
2014 45
1821 2461
1717 9
1241 193
701 2932
1977 2569
754 2405
1565 81
2431 2151
1861 70
2689 1597
451 2852
1039 427
916 1541
1217 1745
2412 2536
2992 2013
2929 1679
1313 1662
926 607
2649 791
1 94
1711 1801
1657 2115
895 1951
140 2080
2509 375
961 1665
851 230
2769 241
94 1809
211 2277
2906 829
1885 437
831 2863
1537 341
1151 2613
1591 2052
813 1201
2953 2972
2009 1777
497 2905
1651 2377
481 2778
1631 58
1738 501
190 1977
1751 459
277 1351
861 1942
2317 1921
2613 481
97 1075
61 9
2475 1441
1225 1792
1510 73
949 2345
2131 2095
2669 2383
2349 1213
1003 2848
69 1081
1361 1801
569 911
1489 523
729 2701
2361 676
205 2281
1067 1615
1699 601
1129 349
514 2437
2391 2539
1167 2623
391 951
1237 333
2595 570
2785 1994
793 1
376 2941
2316 1391
2051 697
1111 1368
1117 1872
2599 1061
2803 1861
2387 2443
1825 541
2641 2494
2377 2114
2797 920
1179 1307
676 1267
2155 88
1071 2801
855 2323
426 2977
1841 1765
2693 549
1145 793
2338 1369
2417 1699
1025 1681
2611 265
22 712
1003 2521
2862 2527
2134 2384
316 2221
2717 2626
981 2833
1333 1084
1449 2841
2843 1535
1091 2497
151 1068
481 1573
619 1048
325 873
727 1308
2521 2101
697 2785
491 1132
1631 321
801 1611
1609 787
2737 1886
1377 2732
271 2984
2765 737
2369 1981
1061 520
2723 317
2393 2995
2165 907
1369 121
1378 1789
2021 1374
1803 1557
1409 1326
2551 1624
241 2577
361 1610
1761 121
544 2965
2625 2852
2329 2887
2001 2815
1751 1301
511 363
1633 2321
2123 375
282 83
2911 302
1356 1900
176 1001
192 313
2545 1851
2073 449
2626 553
2101 451
366 2306
149 2881
136 967
1589 277
326 2665
2116 1405
89 2779
2425 1960
2063 1309
2421 162
1561 2806
2141 1025
423 2061
994 1337
2844 2968
2513 2761
639 634
1761 1279
2163 1549
1193 2296
265 471
2673 2031
1403 1243
2300 121
1596 2956
2500 2338
95 2425
2497 211
893 1355
2926 2695
2854 1927
673 781
2246 1783
1621 2143
1041 617
1694 2675
157 2617
2986 2605
2300 2089
2039 2862
1276 741
1800 1237
1015 2536
1857 2129
153 1327
333 1361
1161 1349
2651 1465
964 2521
1195 1921
2326 497
2707 2791
2199 1939
1981 2179
1798 1895
2646 2497
1981 2629
2310 57
1664 769
469 1837
1567 281
1019 1
1651 2571
949 1073
1351 1021
487 1169
1675 2643
529 1201
871 2638
51 2861
1927 335
921 2383
2703 1156
1576 1756
497 2233
1003 2371
862 2077
429 1448
2442 2101
2311 2289
590 266
553 2885
383 801
1286 1725
1812 988
937 171
461 511
2117 2381
999 2162
1576 79
1041 1993
2146 673
2353 2449
662 1081
2671 2809
321 1383
675 795
1252 897
700 259
1585 1649
889 1001
1001 2146
1075 557
2905 2501
1219 1399
1291 2713
289 64
290 601
1972 649
1758 286
91 1261
2393 905
2257 2011
715 1713
2185 2839
1567 45
1401 1468
2850 884
515 2899
2105 851
41 2690
1875 2341
2449 2083
2425 2290
1801 341
2429 1976
2341 2761
2506 656
1693 2077
2065 1181
2653 653
176 1411
1291 1838
2349 206
2449 1471
1846 1785
2401 1378
1885 1333
1593 220
661 1241
2471 428
1281 1793
2330 1293
1203 319
2479 301
1555 1792
2227 1829
2041 2149
1033 1431
2179 1689
2071 457
1282 1780
643 2209
1205 2830
637 281
145 16
2771 553
1738 2043
87 2977
1474 207
964 883
1681 432
851 1801
2641 701
1289 1633
1430 1573
2711 2346
1107 841
2015 361
1561 845
2767 1387
2139 1899
1171 496
1672 2217
1249 1209
1513 466
749 249
1922 2170
2391 1321
2110 2311
67 2089
2557 15
2971 1744
2263 2035
1731 1633
1816 2677
812 1385
1377 2797
589 627
611 826
2176 925
175 1957
1966 962
2236 2437
2155 1471
1 1226
121 962
1216 1153
1161 691
2035 2065
141 83
999 925
1740 1156
769 361
265 597
2869 2207
1648 2873
657 961
1613 2161
2321 319
125 2693
1190 1213
1553 562
2071 2906
1471 906
1348 1921
1953 2446
2362 2011
889 1201
1481 613
2881 199
833 415
964 2606
2213 2293
2053 1421
438 2784
1609 1243
1566 713
1117 2305
2141 619
2581 547
698 971
1420 233
2865 1525
1849 2477
145 799
821 1177
2905 1093
2041 85
545 1141
591 1747
2449 1609
1759 297
1441 1744
1619 577
2461 529
2236 2411
866 2524
1219 872
1921 865
517 165
2431 2932
1218 286
251 903
2959 1966
1675 2371
2959 2161
2137 2511
1996 1762
1852 2084
2707 2761
2092 526
2761 126
2641 1633
781 523
2449 1401
77 559
151 2993
1936 1585
2885 943
2325 401
1855 2545
901 1026
2385 997
1761 589
2043 553
1185 2659
789 343
1159 1060
1569 565
1470 529
2779 2651
1016 73
826 745
1846 850
1186 2326
533 1537
1177 1195
254 1641
1375 2273
687 233
2025 2444
1957 2002
1156 1891
1001 1217
911 2891
2271 2501
936 1971
4 941
1669 459
1711 2200
57 2198
169 1315
1585 172
2725 653
571 718
2936 361
1714 2809
2993 1201
1607 2023
1111 2298
773 2398
89 1325
994 441
702 2190
1058 1861
713 1731
477 2077
1137 883
2753 295
2506 1837
2361 2182
1177 2385
1979 1695
1231 214
1129 1685
118 1651
2632 2001
153 894
1953 97
1251 169
257 2001
1591 2389
2906 2311
501 2224
1069 2827
2416 457
481 1462
1843 1105
1495 499
1654 2436
755 137
2533 2691
2011 22
769 2537
406 2970
1196 1489
2596 2692
55 1886
641 2809
139 452
1361 841
1705 2001
666 591
526 729
312 1501
1001 283
726 601
2182 395
1189 2422
2157 2589
630 1423
289 1371
1813 2222
1791 411
1090 493
57 1457
959 145
849 478
2753 1252
2377 481
1621 2631
1256 1134
2545 3
179 2061
1299 2341
1162 1489
1391 313
553 769
223 561
717 1214
777 1021
1397 2083
2407 1317
1627 52
2536 2297
1516 1153
1553 2033
599 835
2461 1641
481 1961
2201 317
2351 2557
911 2721
2560 52
421 61
280 323
2386 649
2628 262
679 2857
933 76
681 2059
664 381
586 1339
2221 498
2723 2111
2041 1851
1113 2905
961 1733
1428 2641
1593 2428
2131 2236
2401 1694
2561 1481
706 2017
2377 1021
2809 1001
1891 2533
412 2566
1369 751
1991 1883
769 2957
1861 2451
835 305
2087 2786
1459 2988
201 613
2782 1942
1951 1815
1408 1801
2701 2029
2511 1943
1129 121
2746 2254
37 801
1527 2581
316 649
745 1681
943 2753
415 2581
1681 241
1650 2359
757 2270
196 2995
1031 2185
2051 2057
400 2005
2141 857
1531 458
551 2701
2888 1327
2577 2079
76 334
1126 256
2029 2689
1221 1501
2507 2653
1065 2521
873 1844
151 1601
1401 2693
2250 2486
74 207
2803 2180
679 876
2785 1167
1579 401
701 1609
2011 103
943 401
1849 1357
2409 2416
521 172
367 2275
949 1408
2545 1403
849 1341
631 1658
2617 2876
1662 2193
2401 376
473 267
121 2941
1341 667
103 1621
1661 31
2267 1069
449 702
2104 675
1132 1657
441 2691
2347 2041
1321 376
2221 1186
1897 541
1796 2313
2817 1708
1027 2361
2305 301
1540 2957
889 2720
2281 551
883 2297
657 2611
1737 1466
541 2481
2209 241
1073 1897
1969 1864
676 2779
512 991
603 2041
2076 994
2047 1011
658 1713
1049 693
2399 2963
722 1675
2485 2857
1900 1393
991 2883
1471 438
556 1713
1747 1741
897 2761
1315 2355
2621 217
141 2527
76 2617
2741 751
589 1513
410 1995
2371 1336
766 2521
2701 513
533 1153
1692 2476
1015 1381
1329 1228
1524 1009
562 1413
2657 1041
376 1290
2466 247
1176 1645
573 81
1833 2401
1801 741
861 1861
1249 1833
1576 1609
721 1289
2496 774
177 782
2956 2683
1474 1729
1755 677
2503 2490
2019 1551
2283 1529
676 152
1651 1801
2169 1506
541 2493
928 2065
895 731
1417 2746
806 1363
851 2536
2842 1120
1246 2731
1075 2165
1569 1145
2986 862
1675 2716
1033 1975
1467 961
905 1261
2531 2291
665 1147
1061 1945
2389 17
2425 1521
123 433
2173 2895
531 1313
2285 2647
1485 755
2065 1888
87 2092
2011 2052
1351 1561
1126 2265
1821 1285
2933 509
718 2625
633 1351
2959 2562
1667 2034
752 1171
2860 1585
2475 199
1588 801
745 2361
2515 406
2473 2475
623 1849
2197 691
181 1938
1321 1951
2131 640
1361 2249
2882 2191
1966 2325
2304 1768
2499 1356
1045 2599
1391 2281
2350 1297
2673 364
1714 2161
1696 265
7 1
1681 1057
2711 2776
1825 1573
358 1516
1239 1639
2445 547
2792 2039
1973 2905
2029 687
2254 1477
1017 169
1529 2257
2680 2859
572 1719
1220 545
409 281
1644 2063
2625 994
733 598
541 1241
211 586
1241 491
1345 1956
2167 2953
2017 1469
895 2745
1241 1279
151 1351
1805 721
2893 961
2006 1649
1473 681
2401 321
1121 1972
436 2215
2947 1261
2161 721
781 1771
2714 2191
2833 2481
2416 193
1231 1
1876 1552
355 2126
649 126
505 866
2171 2228
2593 1801
2871 2699
752 1047
1947 967
1267 1301
1129 1969
2666 2013
344 1357
2634 2284
404 1911
1773 2531
925 2557
1393 265
2441 2145
25 841
2539 2466
2521 2828
1003 1957
2841 2350
1204 2633
1700 1246
49 33
1759 2845
2833 1265
456 901
741 2736
2586 2041
265 175
319 249
1141 1110
2489 2761
385 2709
1312 984
2937 220
1220 1191
2857 2129
761 812
40 199
2764 1858
309 669
1117 2169
2932 1143
2161 2089
2863 1676
993 672
1681 2295
2603 2111
2774 2533
131 2753
1105 2615
1677 1641
2006 295
333 1936
2614 1231
241 2649
2683 97
285 1231
1909 1276
313 2845
736 661
1609 1891
11 361
2201 2900
256 2311
160 495
2366 1807
1351 2955
1609 2889
1919 761
2868 109
1937 185
2268 2617
1401 2511
937 1801
1127 2857
917 901
401 1294
2689 1402
1237 2080
1525 349
1315 713
901 2387
2366 2405
5 667
1797 631
1617 501
608 1591
181 649
868 317
2351 2585
2685 921
757 2444
769 39
2233 2737
553 2689
721 684
1978 2122
325 1681
771 2715
94 2529
2302 2313
1441 1833
2067 2201
1879 1591
1381 2554
2676 2735
1345 1901
881 1196
2095 553
2051 2155
2166 436
2186 1357
2231 411
2016 2795
1401 2856
1585 2149
2202 2412
2611 2601
2766 2832
2991 684
1806 2281
511 1729
2289 2577
682 1741
1553 545
1459 2047
217 229
2951 1588
72 1583
2416 557
1081 2833
496 2401
1505 1777
968 2851
741 2816
943 1701
1410 105
97 2161
2693 1162
2185 2769
1973 2631
961 1993
1807 529
27 1801
2885 2131
2818 2016
1341 1041
691 1897
2584 971
49 241
1897 2865
1957 2803
577 2505
1103 457
2776 607
2660 2401
445 1537
931 2449
1653 22
1079 1111
2341 1192
2361 2111
2831 851
1711 751
2673 513
2194 2113
2293 2145
807 1801
2929 1037
2799 791
201 529
21 2929
1201 1063
2779 682
100 961
721 1984
805 2579
2073 2396
337 2139
301 1987
341 1136
2671 1764
49 1231
1945 1051
518 2953
2905 1804
1551 1336
1564 2093
1448 2323
115 1439
2981 127
2646 130
2761 45
2971 1256
1616 871
541 292
2701 526
2259 658
800 1111
1717 418
2419 2281
1666 2701
2121 1774
1831 2805
655 1846
2734 733
1285 689
76 2927
2809 1186
2557 2303
1709 791
266 1369
1591 831
1459 1706
1699 1171
879 2576
2457 626
2081 2755
1210 1726
337 490
2716 1349
1957 2911
1713 1932
2251 566
2709 863
2412 1208
1945 781
1486 2601
1211 1846
73 69
334 405
1348 1298
1291 2113
1853 241
1873 2710
1395 684
2706 1929
2401 2257
1201 2581
25 2631
295 2920
1759 998
1843 185
1963 2450
1861 301
2507 2012
561 2140
2395 2668
485 223
1449 181
1321 1977
2855 479
2501 2176
1051 273
2676 682
909 1327
1825 1147
919 2689
2458 2992
2759 1393
1201 37
2293 2061
1141 415
1411 2593
1033 2171
697 2001
1192 2811
1381 412
397 2776
388 2657
413 1033
1669 791
1501 2953
1972 95
2080 2626
2461 1099
859 2553
433 1117
1201 2307
457 2413
2308 1501
1561 2417
2657 37
2257 273
1059 1183
2152 2605
2151 117
1761 1067
1687 2758
721 1567
2336 1852
2253 2173
1526 894
1660 2991
2696 2290
1459 853
2081 524
1753 1948
514 1045
2152 1819
1537 1237
1747 349
2479 572
2603 1829
1759 1152
751 2903
860 979
250 2063
861 1076
2175 1580
2 1951
599 2897
907 401
997 1946
1771 1163
61 2941
889 1723
1117 751
97 1318
1081 206
2586 86
1377 959
1211 2605
1356 2009
1845 1622
638 2032
481 1195
876 844
1617 399
2969 1193
2191 2846
1084 2871
1187 1873
1181 1889
44 1577
2951 971
2149 345
1170 2887
2569 2698
805 2881
1329 121
385 1111
1379 49
2219 868
2533 1501
1405 1345
197 889
361 2770
1559 401
1873 339
1370 2047
179 599
28 1101
2245 509
179 1376
1088 1638
2521 739
571 161
2171 482
1801 1021
2729 1825
568 259
2346 1177
2089 2991
2481 2765
1337 667
1655 100
1989 2725
2145 2191
1049 385
601 445
2251 289
859 1449
1531 2901
226 1786
839 1017
2472 1723
444 513
817 2976
1205 1255
76 2813
1867 499
501 2941
1446 302
1550 1239
2533 2018
1933 2901
301 1756
268 1248
1331 121
742 1597
2421 1771
414 2737
262 893
1151 2710
1457 1905
443 265
337 1081
117 1357
2761 1057
1417 1939
657 766
2821 857
2225 2720
2809 1376
801 235
2011 395
1693 2037
2509 2059
213 145
601 425
2333 1771
697 2345
1499 1975
1855 1927
31 317
1081 2355
1393 145
1341 1833
2496 1522
2689 853
2185 306
149 153
2761 2728
2419 1165
2217 1009
2155 285
2157 2515
2614 2977
229 2179
2382 163
91 2893
337 1101
2453 721
2426 934
1185 631
85 137
2308 349
1126 2080
2513 955
1641 181
1997 505
1455 241
1873 851
2641 1108
2092 370
961 2731
2005 961
2593 1410
1953 1801
743 1033
1369 961
2001 2597
397 1513
706 1652
1761 61
41 2935
2969 1747
1099 681
2538 1993
2201 209
289 1205
2962 1092
233 1289
673 2183
2856 1413
868 2861
1717 2489
101 991
41 1322
837 1
1585 553
2998 1493
2531 965
1741 301
2337 1213
801 1645
1369 1186
2277 2798
2476 2243
123 721
1240 1217
361 1145
2289 2841
181 1685
866 711
931 81
2041 2558
1279 985
2101 761
531 2500
553 793
1282 2729
2897 2346
885 1681
1505 1791
2244 774
834 1433
1825 296
2479 751
1451 1465
1561 1321
399 851
2827 1095
1443 2056
1209 241
1380 1039
889 2533
667 1455
277 2921
2607 1777
1089 329
2701 2007
1246 1853
2857 1927
1881 1747
387 1585
2303 2299
1651 53
643 761
91 793
2901 2113
2279 2581
855 1321
1165 1681
815 1981
2209 693
1057 2170
2857 2913
2402 265
1807 1156
2716 1967
260 951
977 2279
2867 1870
1802 2809
298 98
2065 1431
466 841
1545 2686
2476 2817
561 1174
859 1376
1 433
1142 1995
1853 913
2881 2659
1951 22
549 1993
2273 1610
2211 2641
2673 561
1513 825
91 2381
546 631
1221 2447
167 621
1465 1168
1117 1388
2026 1337
1090 2341
73 821
1724 445
601 1273
2583 2713
1751 64
2393 2381
709 1501
1403 1265
2419 2753
940 175
424 1671
1273 1612
2929 661
785 954
571 1521
2329 1060
1348 2176
535 2925
1000 2060
2367 2305
1673 2269
2415 2427
1 2299
1971 2361
2631 1693
1961 451
2616 1465
859 2596
1297 2565
688 1057
226 1491
817 565
1737 241
2014 401
1617 1305
481 1751
576 2569
1344 2227
957 1191
2936 561
1349 2411
389 2688
1829 2423
2557 808
2109 1429
175 953
1357 727
926 1291
1441 1872
1591 1051
1615 841
2131 2221
2547 2676
2761 1109
157 1191
993 1106
991 2433
745 1564
1945 1849
667 1051
1741 1237
541 298
1549 2333
1957 3
2090 772
433 2001
601 554
1105 1399
670 1249
241 781
983 2687
2833 1236
1480 1369
2241 921
457 243
2473 1728
1475 1297
1477 1425
1733 283
793 373
1221 1623
184 1363
1809 2890
1561 683
2686 803
1161 465
55 1156
2361 791
1598 2745
29 2704
2341 2777
1705 130
148 2161
91 2021
2638 94
253 2961
666 2533
871 2420
828 2126
2126 1245
185 337
601 61
2985 963
1285 2021
532 2161
1 2821
1025 73
2809 2186
1679 2449
1307 49
841 1781
1478 2970
425 541
2797 793
1960 1381
39 111
889 979
2706 297
1764 1786
1125 1626
2605 106
1260 1879
24 2357
1231 2133
261 2254
2374 1018
1921 1316
2545 2381
1313 1177
2353 729
49 949
2741 1569
1570 929
1105 755
176 1537
2233 571
1937 1161
2700 2711
1609 481
2936 1061
7 1768
2194 1251
2476 2203
1381 1789
2125 2689
427 372
1501 2879
2437 47
2998 2119
1249 536
1873 1945
955 1129
306 1505
997 481
2625 2381
2113 2125
841 241
2233 289
2474 2401
964 671
1203 2379
1699 985
1549 1053
2692 2221
2137 1939
1387 2839
2235 2479
1309 520
1385 1454
2259 2933
193 1173
2911 2701
1661 811
2986 1951
661 2851
1693 2451
1783 1608
121 2890
2329 1099
2268 2426
1635 151
2773 493
2341 813
1452 2593
2641 2545
721 14
785 355
2573 2792
808 1033
1561 445
1 1423
317 1891
1520 511
2893 1970
2169 2281
226 1521
2530 751
535 2764
322 1633
1441 943
1161 1471
1201 1252
2893 2641
2003 2521
541 2845
689 1057
2537 625
1687 565
336 1503
1180 2552
1777 2263
2461 2676
1151 529
2543 1477
1201 441
2501 2251
2873 2050
769 697
577 2289
2423 1711
1976 991
669 1006
211 451
1961 1750
1801 2154
614 86
1345 2941
401 435
1651 2701
837 905
1480 801
466 1561
1893 960
2209 1957
433 2611
2531 2681
613 149
1729 514
186 631
735 889
229 591
1669 1585
1241 2639
2854 1051
2959 369
1543 2123
2543 19
2257 807
745 1435
2413 2898
1567 2481
179 2899
2605 449
857 2921
453 2487
2713 2285
865 1963
2681 397
503 1403
2233 2354
2001 1501
1209 713
2656 217
1237 703
1721 2293
1849 961
157 2964
2926 1580
2467 670
1353 899
550 1971
650 2279
1876 2717
484 1565
2861 2407
1035 1563
1656 1289
131 2705
2098 2977
505 2853
2917 1225
1615 739
2479 2177
21 341
1781 31
301 181
101 413
1231 2757
451 1921
2701 2821
915 1575
2281 1830
1281 1401
884 247
2953 1544
2721 456
2407 997
967 709
1522 1901
2101 831
64 2599
2687 2353
1655 79
2718 2137
1826 1086
1201 646
1165 341
1969 721
901 2882
1648 1405
2443 628
2161 1951
2837 401
1879 2689
2049 1481
146 1573
2855 1055
462 2921
2011 2191
777 1309
2961 1846
1945 2437
787 2515
1868 1345
1430 871
15 1396
1129 1675
2326 2631
1479 1995
1036 2034
2883 1713
1781 2881
2081 2053
2899 941
2625 2101
2146 1321
151 1771
1975 2495
2726 1761
856 1105
2501 1201
879 760
167 310
109 1000
1617 2443
109 2059
2283 456
2005 1409
553 841
9 2869
715 1556
1501 201
249 726
2827 2921
331 810
1969 43
1298 1522
2656 136
1782 542
123 214
2585 1599
1453 397
2413 1321
1273 283
2269 2517
1337 738
847 1609
675 1918
401 1989
1861 390
1159 2537
2765 2665
2101 1346
77 821
937 1123
1750 2729
2307 2501
907 2044
76 2251
2521 1021
1365 578
653 1551
300 597
2705 751
2986 1728
1612 636
2509 1901
1747 2701
1651 235
3 1651
2218 2241
2803 2577
225 2341
667 49
2926 2353
2183 2414
556 1481
2901 1073
2425 1936
1738 2899
1629 1296
2001 307
2885 906
1783 1681
1377 2304
337 1969
2461 1
1565 166
927 1114
1628 2959
1501 1317
1295 1951
671 201
2945 601
2697 501
812 1929
1776 1810
1761 526
661 1157
331 241
2608 935
2221 1799
1881 2137
901 553
1801 1186
1063 510
2771 252
1429 608
1936 2561
897 1033
2337 1513
775 2977
1787 1975
865 1018
369 901
2350 1481
744 2337
1417 2315
2593 2501
2297 1666
1171 452
805 337
2271 586
1221 1449
2941 1871
2341 2555
2911 461
1525 1
1326 979
2557 672
2471 617
1077 1515
2225 2785
525 173
2023 2011
2921 2985
589 280
13 2191
521 682
1435 595
2479 2221
437 2665
2047 1205
2609 721
61 2221
181 409
781 1645
2001 1661
1721 2131
2681 2621
2536 2171
661 2650
2403 1376
1945 1625
2181 2183
2801 2577
41 2789
1346 931
1691 1426
2185 2539
1655 930
1961 142
2260 1876
1385 616
91 433
949 1921
441 2215
2341 1679
43 1561
1153 855
1247 1267
2857 2176
1218 2314
301 1324
2151 1054
163 902
2548 113
401 1841
1717 1447
1726 2749
594 2225
1501 2599
2737 451
1468 1348
1 124
1879 1441
116 2749
1373 1251
2257 1561
2953 1321
742 607
2335 1481
526 1528
2746 2726
619 2743
546 885
753 1250
1609 2665
431 421
2453 2279
1621 423
1457 2623
1201 473
2947 144
2995 466
1721 953
1922 546
1226 2881
322 1394
2661 1909
2809 1297
1438 348
1213 11
121 469
256 1931
961 436
1945 2427
919 575
925 771
73 2161
925 46
2580 1181
2601 2881
1378 2091
1455 388
2923 2432
1747 2809
1177 415
1346 1241
1996 2540
2201 2224
1541 2626
1737 221
2101 1985
2101 2893
2816 1426
2736 2135
2836 92
2425 2947
2756 1385
2629 1087
301 1809
89 2601
243 1973
2893 255
215 2241
2428 530
514 2453
129 2111
1321 1577
1264 1053
780 1840
1721 1149
1406 896
2412 49
577 287
1463 2533
242 249
2657 546
1321 2555
2171 1255
1816 845
326 508
561 2153
2290 1241
1681 547
1166 517
1916 2767
2335 1206
1921 2661
2191 1636
2440 1249
873 2285
1751 393
2821 963
1327 2767
2761 730
2993 717
1821 2261
2885 778
889 1229
1798 3
2531 1480
217 2513
2437 2121
844 2201
130 1035
1351 2398
2571 605
2751 25
1954 2083
832 2476
777 1117
1795 561
2911 1327
1901 2836
1837 2374
2945 844
2261 701
1254 2909
2276 1465
1788 120
151 1001
1146 481
1001 1585
325 2556
1726 1173
901 187
101 1877
1913 617
1693 2569
569 233
1 901
121 61
121 2461
2551 576
201 775
1553 1558
2476 2461
2339 672
45 2129
1136 691
2441 1057
1369 2391
1984 1432
1141 2973
609 1199
513 991
2329 86
1501 2316
751 337
475 1700
968 2437
2257 2265
2209 2701
664 2734
2431 1896
265 973
2920 2064
2865 799
397 2881
696 1528
2111 1544
655 2127
1312 243
1790 485
1774 2477
1801 2165
969 2301
301 1622
1003 1537
2359 356
2821 2554
2283 2497
1641 544
2281 877
2419 1001
158 193
1546 1381
905 1782
909 1346
465 1096
2347 2989
1345 2629
1828 2759
925 1091
2737 2815
1453 2473
1801 1255
294 2001
2401 2521
991 1443
1689 145
2461 2350
1825 313
1241 2881
2457 1933
2193 97
1924 1937
1169 71
2078 2017
2885 2541
1133 1314
243 504
2185 42
2385 429
2885 169
1093 1208
1221 2446
886 2657
1418 1476
1481 2955
2881 2692
2848 2112
1581 634
1101 1092
722 2353
2080 2381
2161 1231
2455 571
1261 1864
1478 1600
673 1041
991 2561
907 590
481 75
1981 1395
332 2656
2146 1089
2004 1969
1889 853
1051 2339
2415 1209
165 883
2631 1236
1849 833
2187 1349
723 394
2193 406
1305 397
826 2691
751 2425
1141 2519
2263 2881
809 985
2131 2185
173 21
1996 1636
1501 1249
2817 2087
626 992
123 2563
211 2001
2137 187
2380 2712
1951 1567
2632 1713
2129 293
779 2353
811 1586
2209 2269
1072 271
1126 861
2090 1767
2269 843
1574 792
133 2521
955 1319
366 2547
531 2670
1252 631
2145 2801
583 2041
1715 1152
968 421
724 1931
2545 1525
2077 801
1096 1194
1736 373
2111 2433
341 1593
357 2146
793 1243
761 178
2501 1371
2911 1455
1369 2952
1997 27
1041 1301
2095 67
1976 2521
691 1201
1237 1369
2185 2176
2881 2691
2632 411
401 1251
1753 19
2611 2442
1251 849
2461 817
1325 1721
953 2446
2177 2681
2954 1565
1426 2551
1333 2151
976 2524
2457 1501
1777 2309
1460 1375
2953 2297
1051 1301
2051 2424
2841 955
2951 646
2701 1163
295 2146
2381 2051
1981 1473
1697 1239
1400 536
1951 81
2209 1825
2775 2521
2938 2246
1596 1416
515 772
2929 545
730 121
1376 1902
1171 899
2893 1720
2281 1332
1 2431
490 793
381 905
869 1976
2266 905
1969 1929
2926 1401
2435 996
2313 2499
2317 73
2179 2773
2188 2585
618 581
2521 1711
1255 2701
1816 221
1447 1942
1601 529
1321 1127
2949 46
315 1483
1411 1201
2318 711
25 2137
1417 1453
736 2883
2821 253
2987 1461
2176 941
1985 1728
2095 317
565 921
2831 2568
816 2091
829 1679
1396 2601
1201 2401
2926 571
1795 2813
2737 1801
2249 1970
487 2449
2776 1204
2313 1585
2109 207
721 1227
1357 2481
1197 1096
833 2092
970 501
1228 2323
1006 2977
1201 2461
2229 949
1719 1579
2569 1657
535 2781
2626 2528
1731 1402
1989 2301
781 301
2561 769
2763 2595
1336 1126
2861 2497
741 911
2236 729
1 49
1185 2993
1911 649
2761 1093
341 1874
1609 1801
2421 1066
119 247
2263 1015
1097 2651
2791 1981
1115 2387
49 2905
2041 2101
2733 1253
381 2425
1366 531
2917 1236
2548 1261
466 865
2896 2329
751 1001
1897 535
679 2109
905 2076
2005 2001
1748 181
2911 2083
1452 2105
1309 2516
1661 1665
1990 551
997 2701
2623 2966
2241 2418
322 673
1849 2341
2781 1045
952 1465
2243 1469
2371 1895
859 2357
1732 2841
2281 1263
1557 2704
2791 1621
433 2553
37 811
2713 1901
841 600
2281 2461
2881 1026
2833 775
625 846
301 1207
1305 621
526 1117
1537 1645
737 2995
1825 1557
2845 1786
2811 1241
1155 160
2872 201
2824 2563
2925 1321
1747 967
2789 230
859 2857
571 1306
1181 421
1726 1733
124 2697
602 319
2743 2521
87 2086
2761 2191
2431 1072
1136 2821
2389 2603
910 2263
2224 2029
1361 581
2001 879
2328 1246
2541 2047
2449 1513
1273 721
1273 1361
2601 2526
1126 1817
84 1041
2245 670
1775 750
2745 1189
1201 2104
1849 1110
2575 2281
766 2926
2105 361
1093 1832
116 261
2154 181
1223 1369
1217 1006
1171 1099
1801 944
2591 1241
121 1779
2361 321
2353 2251
1581 1891
1579 192
1799 697
1390 637
1303 1953
11 749
473 443
2113 1001
2766 1865
985 2431
2387 2805
2204 1169
1052 1726
1448 897
1281 1941
1271 2561
235 1355
246 2867
953 1409
1897 55
121 1489
32 2501
1129 1474
2971 151
2359 2571
403 1657
1117 2345
871 801
2369 2113
1297 2761
126 1492
2287 4
1705 2711
1981 1726
2291 2868
1985 1213
2161 2311
2901 2062
2785 76
854 2241
89 2061
809 724
991 326
2173 2679
2713 2291
883 2235
2887 1225
1207 13
2221 2825
1201 171
2239 913
911 2580
1129 2761
2125 1823
1551 1401
881 871
518 2271
1801 2551
2606 2109
319 2499
121 351
1921 1793
2624 2665
603 1475
2257 561
1769 1774
1198 2551
1581 1156
1153 2301
655 91
751 1681
877 1398
2689 2089
2953 1665
951 1489
1303 2281
1411 1620
1873 1922
1729 217
360 1618
2323 2333
2737 57
181 2265
2601 1414
2326 1525
70 321
751 451
781 2442
2597 1147
2177 1945
1246 2161
2953 2969
377 1387
1949 1001
178 765
115 2752
1217 1601
41 781
2857 1457
2611 1009
1 2925
2641 1093
2941 1567
346 2301
2628 2020
697 1305
2938 673
1102 769
2411 2601
1636 1093
2509 2911
757 1267
1676 499
1863 497
543 281
2553 180
2803 305
2206 1076
651 2291
1393 2431
2523 301
181 475
2358 1009
185 2047
1996 1921
1495 2694
401 1645
133 97
1885 1557
1984 1111
1329 1591
2350 2267
1831 921
369 797
963 2297
379 1201
1561 1971
725 2967
1193 2101
1917 2137
2089 1609
175 2186
1672 876
2465 840
2026 2611
109 1017
2941 901
2346 1165
673 916
1599 2518
823 2931
141 2001
2082 2501
1960 751
505 81
358 1446
560 1253
1011 2743
566 2249
1583 1495
2791 870
2683 1784
850 728
2678 2101
1318 1101
2761 1765
1325 2497
508 1636
13 2809
533 1345
1185 1285
2050 525
1930 691
511 2839
1047 2069
469 1531
181 961
2081 79
1471 2868
2737 1021
467 521
1551 2373
1432 2162
1225 1963
113 1567
2641 921
2139 505
2658 921
891 1222
2505 2557
2239 2713
2641 2053
2721 1213
514 913
2321 1949
2701 1451
2851 2575
1313 853
61 1915
1645 306
1673 664
129 2958
609 1603
1033 1825
637 1804
2297 791
1168 2956
2633 86
982 19
2173 186
1809 496
2851 453
1339 963
391 1477
2153 2749
2852 1916
2611 991
868 2143
2837 619
156 2641
1873 2068
811 1623
2701 2848
1311 1171
2911 1521
2326 1261
47 489
689 2039
2329 2005
2395 801
2656 1553
1293 2269
1491 1447
1777 2281
2964 1681
641 441
559 1528
469 2001
130 2701
1945 1813
2992 1791
810 2257
2767 1381
159 2076
679 2716
2483 55
2519 1691
2983 1543
2925 2029
996 769
1533 848
1361 2513
529 2045
1861 2562
1417 2539
2606 1567
1268 751
1341 1378
2441 253
1057 2683
1537 1783
449 2197
261 1059
2797 943
2155 2675
401 1519
2701 2782
159 838
2152 1403
944 1216
473 23
724 865
2346 1312
655 303
2491 1186
1936 2141
514 2053
156 941
1969 1048
1945 1956
981 373
673 1100
1943 1915
841 2105
1257 2489
805 788
931 113
2851 1336
2493 2467
2986 1855
795 521
303 697
750 1673
1501 2696
2477 1633
1800 2218
1225 931
979 2154
2557 2805
1073 1521
2621 1870
501 1561
1759 1240
2114 2758
2191 418
2041 2823
2301 2550
2129 2003
202 1591
2111 1320
705 2809
241 874
2446 961
1401 337
1474 1441
1886 1593
1126 391
451 2185
2496 2401
1459 1882
2476 2797
31 842
1745 661
2859 3000
1350 1151
129 714
2668 1555
2572 1202
1207 2926
2866 1926
2757 1513
1417 1111
1681 1563
841 1517
2367 2146
2017 2891
381 1921
2145 2989
1096 2606
381 1855
1236 2446
784 2235
1621 1764
2393 1371
761 2735
277 570
2778 2249
1950 1281
2706 1603
83 181
2707 1689
2871 2179
1261 1047
2802 2995
265 1279
2605 1549
2973 1156
2452 2311
2065 1921
426 2455
725 2779
1354 225
1747 2638
1160 817
1972 2986
205 2401
2077 1510
2263 2241
2377 667
2959 751
649 417
2693 2942
781 2061
2117 457
1729 2449
1121 220
4 646
1279 2545
1 960
49 2371
871 2747
1201 1840
1579 1051
1027 2419
2001 711
331 1105
601 1321
529 961
1585 2441
676 1055
829 1435
1109 302
1321 2419
1201 2201
2951 189
2713 517
2145 1143
550 2333
2759 1471
1080 55
2306 1020
2107 157
1983 655
1641 2831
1633 1436
668 2407
2985 401
1915 2761
2623 2111
1210 2481
1135 517
2701 2941
1861 1810
2365 626
11 2593
201 2539
2106 1579
2998 2125
685 2546
977 2093
625 376
2979 2611
1573 490
1599 101
1276 2176
1057 2513
1653 2231
754 141
2681 1034
1300 721
1481 1093
534 2213
1297 2137
1978 1688
2877 757
154 581
41 1771
121 2905
2521 274
2055 941
79 1286
2206 946
1566 369
970 1726
373 1945
781 1879
2021 2809
2209 571
57 1906
916 442
1951 2257
951 2109
579 1489
1861 1856
2851 2377
553 1099
1692 219
457 81
1206 1041
1801 389
1000 2777
811 1441
1829 2455
1210 1501
496 1259
1006 101
107 2116
631 1927
677 2537
604 2247
1001 84
1777 1241
81 786
1299 2857
334 1005
1731 2974
1711 2011
49 2101
1745 2121
331 829
1369 1196
1681 2619
2542 803
631 2017
2596 1843
2482 2415
657 1555
2950 1551
2791 1335
815 2710
915 1350
2891 287
713 649
2164 687
981 2326
917 905
2011 226
2810 1168
619 422
1988 2080
2901 2421
2053 2825
1927 729
1809 2033
994 961
1385 687
1511 2801
131 2269
1585 781
736 1601
2025 514
1047 2467
88 1171
1616 1477
181 226
1751 1383
520 1109
1873 2701
601 2740
1359 2509
2985 1546
13 2512
1932 1591
583 276
861 1173
214 1476
2301 2733
1808 1545
306 250
796 2848
340 471
683 2701
501 2405
1951 1555
1513 2016
1129 313
1075 689
1336 2161
2298 2677
335 952
2105 2601
781 2641
2782 550
1342 1817
1041 2646
2481 2578
881 2866
449 2436
1531 1684
2791 2609
2945 1201
957 121
2161 987
2329 2431
1159 649
1543 1825
2689 1381
2376 1506
2741 1311
1576 2161
1045 313
2565 2148
1089 1431
193 121
2392 1709
1894 2161
2345 1201
1086 1961
281 1171
0001110000000000000101000011011000100010000000010100000100100000000100000000101000000101100010001001