3000 5000
617 2691
1531 1350
2584 2273
97 1379
847 841
2089 2086
1900 1736
2257 1325
1621 1801
2853 541
1165 2310
2665 2193
2596 625
1342 841
2089 1405
1577 1537
958 2273
2083 481
1954 693
1306 377
1337 2811
931 2725
349 2970
9 2713
253 748
2161 2494
259 361
113 916
2431 1561
89 1609
765 1000
781 136
1546 2221
1993 1777
2796 1111
1051 993
2635 2513
2947 1323
2615 401
945 2809
1653 1641
2753 1198
205 1159
361 1801
994 1719
201 1601
1356 1129
1877 1183
1893 636
2561 2965
1997 1201
2626 2541
1833 2591
2641 2801
2395 613
2795 1552
97 2841
1192 2479
1810 1771
2001 1681
2705 2459
442 373
1449 1817
731 415
1861 2973
1919 1751
901 941
433 861
169 1510
1149 1507
125 2857
1243 1
2084 2965
235 1951
1451 2101
1313 1261
1696 961
1586 481
133 1581
1501 2419
901 1601
1036 2251
2563 1189
2266 1529
2713 1441
2905 2381
1063 2667
1369 2408
321 265
2881 2721
2731 2941
1535 2218
1233 177
1657 596
1971 2817
1521 526
2374 2245
1129 2431
842 1246
1003 2801
77 1288
568 641
151 369
2717 1477
2439 320
1121 2661
1876 547
665 1591
2284 1000
1330 1097
825 1687
2252 1396
1944 1237
2401 1737
946 2561
2775 2287
953 961
2833 2865
453 2053
34 2389
2089 2713
515 1838
1216 766
1786 1581
1844 2427
2932 2329
2881 2863
297 937
1297 2749
229 308
2049 2769
2636 2177
1968 156
2501 1161
19 481
2544 785
2993 854
2347 637
639 625
2017 1273
2545 1586
2994 2801
553 1281
379 1459
476 76
1385 2536
2057 1714
400 730
385 323
2045 988
1651 762
2677 2961
733 511
1753 121
2277 536
2945 117
2569 1231
2356 2326
422 331
1921 2159
1102 1051
709 1520
1651 2707
128 1345
2789 437
841 961
2641 2377
2492 2087
1398 2950
149 1291
127 300
1042 1401
1107 2701
681 1508
2142 2781
1044 2260
681 2191
521 2931
721 17
823 673
2697 1465
2725 913
217 848
3000 859
227 1431
527 1351
1039 1876
135 757
983 2500
777 2731
733 2149
2375 2897
2331 1171
2221 2569
2713 2003
233 277
463 2881
2426 12
1309 2282
1705 2743
2077 503
1141 147
991 2392
345 2017
2697 1477
268 806
2471 331
921 763
582 2865
2501 211
291 2123
1563 537
803 2441
2233 1261
2513 1425
2433 2865
553 859
41 2639
2779 521
2101 2695
1685 441
1561 976
715 47
2585 2281
2197 1660
2453 2941
66 1517
241 2987
2305 2233
804 73
2881 1469
811 1823
2786 833
1851 297
2269 1953
2327 2630
1041 2582
339 2157
1001 1303
2563 2211
2566 2983
172 2651
2621 301
2768 1537
2761 2709
1421 1733
377 2788
2521 1767
1719 1834
2839 1456
951 513
1441 2995
1561 105
169 1251
1897 557
2823 436
319 691
1673 1978
1661 2954
2209 1
1 2140
1843 291
1181 1169
1117 1005
2173 2017
1893 238
2752 2626
1659 301
2681 691
701 2599
1265 721
2928 985
2365 1363
2091 1141
2623 133
273 1543
91 2131
2215 1819
1287 2173
749 1168
1879 1105
1904 1076
2209 1543
2125 1639
702 1853
895 1156
2740 2410
349 1597
432 1537
2305 640
1548 2320
1138 868
2025 1586
961 2351
2211 1265
514 21
1796 601
1469 2989
2966 1964
2489 2194
2233 1329
2076 1351
237 289
1491 1669
1804 1137
715 2575
289 2383
46 2829
47 2800
2168 2105
2524 646
1187 233
2792 1171
501 13
1348 181
2535 961
2167 2017
2175 601
45 2461
951 1753
615 1701
1501 1696
1401 1843
1379 2077
1498 2401
2198 495
1601 1876
641 2356
2345 1973
1081 2735
1279 1339
1707 1965
2706 1345
2689 792
1817 1905
2417 579
250 261
130 313
875 2381
1636 2876
2821 2581
1921 2796
2121 1251
2631 2701
931 391
1183 2481
1177 1591
2971 361
2226 2397
2491 481
1651 749
481 2626
316 745
2481 697
1711 931
2251 8
1195 1678
1815 100
228 1625
1105 2381
2526 1578
1201 651
1841 241
2101 1761
649 2455
2351 156
655 1233
1541 541
2217 431
1681 400
2701 121
2779 1417
1746 1033
2126 2632
217 2289
721 2090
1756 207
877 488
1636 2081
2177 1196
1901 2350
151 2981
2975 1567
2629 1057
2137 975
2121 1999
1169 1505
1281 1433
1165 751
2121 2012
1753 2731
2046 1541
2232 2396
304 1
2958 1793
451 2239
2962 2161
1353 1569
601 829
1 1141
1340 841
705 1555
629 2441
701 789
1403 1296
2101 851
2289 1761
1365 649
2041 1969
1736 1789
216 1056
2621 521
865 2535
2437 701
1150 2605
2689 2607
2521 1595
661 2159
378 2288
2776 1356
2064 769
2160 2005
1543 577
1989 940
2416 2545
609 656
1201 433
1558 2129
2486 2737
619 2453
2626 2941
2922 2205
1915 2931
1433 892
2857 1445
265 234
2561 438
2168 136
2317 42
1488 1006
1534 1191
2501 566
2014 2761
1589 2461
2251 49
2209 16
2516 906
673 896
2911 2113
2841 310
185 1435
1701 1144
901 2281
1207 2073
747 1171
1585 1668
781 2111
337 2481
2660 2545
850 1421
1613 1561
1317 781
1351 76
451 2713
2413 1604
829 1550
526 675
2196 1399
1111 2731
1069 647
2625 620
2618 2086
2587 1057
526 145
1881 664
1065 1666
2852 2516
2637 1600
2649 1205
2653 1241
69 796
1843 2676
2517 945
2583 1911
2976 2236
1659 626
1711 1768
2077 295
526 673
1521 817
581 453
1145 2397
2821 25
2932 81
331 2865
945 2587
226 1241
1937 91
1036 705
31 1240
899 1896
2851 2513
2157 2201
1297 1497
2713 1003
2026 2515
2593 2233
2399 841
1795 1111
1681 1626
2043 1991
2901 2221
2390 2287
325 2255
2591 33
1037 951
2521 2011
2841 2850
2734 1491
2518 73
2266 1345
609 2761
449 2737
1777 391
1681 1346
1787 457
1411 310
2782 368
1025 607
874 700
2857 265
1197 820
1349 1744
49 2993
1622 1069
1221 121
382 1915
151 943
1690 2230
2212 1889
2927 2831
2614 289
2249 2209
1030 713
277 1345
457 2809
1441 621
407 2371
2805 2715
457 1393
919 2278
1601 2281
1511 2351
2185 2941
593 304
601 2135
985 1051
1833 2919
2329 2614
1710 2092
653 622
2301 2740
1321 2686
2425 2482
481 1033
976 1201
1123 167
705 1844
1818 1418
2249 1051
1981 391
1745 619
2897 2425
1982 2375
1947 2720
2148 231
741 1966
181 91
151 529
1024 429
599 1273
2140 2727
1699 1385
1181 1617
1 916
2437 721
1777 1001
2613 147
1858 1051
1339 2128
2321 2445
1501 826
1501 177
2332 2689
1096 376
601 845
4 365
117 1195
2008 141
479 2185
1959 27
322 2853
373 2079
2889 137
881 1731
672 643
2713 2881
728 2776
1475 1114
561 1113
2017 1221
2683 1765
1337 2195
1195 145
2776 859
2947 451
2785 2413
2097 201
1921 1240
1081 393
2749 154
813 503
1471 2545
404 2911
1588 1322
1097 2761
2241 1373
641 2237
729 1549
1765 531
1916 801
1533 2214
1845 145
206 31
2061 481
2411 2719
655 2965
2160 313
64 2550
1333 2986
1145 1681
2382 1963
2473 1101
489 1999
847 696
1005 2701
961 2575
1561 2236
1966 2527
463 1677
1177 2321
628 1871
1351 287
413 166
2251 2866
2947 637
1876 496
1154 1921
943 1153
1525 2382
252 760
403 801
1019 926
1513 2952
671 1961
1501 1123
1425 1705
561 55
637 2539
26 2865
1935 817
1531 553
2899 126
2305 61
727 883
2161 1304
601 517
778 1718
2831 675
1416 2671
2145 2121
2176 877
1517 891
2150 1456
81 1890
2977 1534
810 931
2313 2433
1057 627
1369 2868
1435 192
877 429
1969 585
323 1625
2527 2761
2569 907
1505 556
2176 447
682 2656
1445 337
2362 1300
2545 2423
2005 72
1425 2926
2701 69
976 1876
1057 729
901 1705
1053 1977
2568 1906
1129 209
1601 1201
2791 733
1429 916
1576 1873
257 826
1435 1801
2389 674
2447 2775
1133 1
656 2602
526 2743
1485 1357
825 651
259 1080
251 1570
1317 2305
1881 531
1567 247
1043 1861
2126 2761
978 109
625 1201
2632 321
2841 1321
977 2659
2353 2414
1301 1595
2161 2247
2533 2197
693 997
1572 2801
2887 601
2419 2356
438 2499
1387 1330
2537 76
1043 1081
761 1089
1884 925
1559 313
2585 1424
1335 2861
2797 2833
2101 1756
1577 2038
1387 2740
2371 2537
2101 183
507 2953
1935 1741
1261 321
1129 516
1777 2401
1189 1065
1716 2331
219 2196
492 1387
504 2716
165 1373
2839 805
1721 1651
2475 309
2729 2161
2321 1081
1031 1369
570 505
586 256
2761 1186
1881 2359
697 2601
2437 619
2801 976
2401 216
1977 1225
933 2152
2577 1809
2065 2479
2324 109
2791 611
2881 297
397 2719
2263 148
1180 2225
971 2251
2065 1537
1481 239
306 2143
1465 1361
2074 2947
853 961
1790 463
1078 961
1843 745
424 2176
256 2217
1601 2699
2251 1361
2206 2212
196 2011
593 2521
1522 1737
2914 1241
1753 94
921 2215
929 361
1881 501
2017 2860
2455 379
2649 1
284 2149
1 1783
2083 541
2122 2635
997 409
2317 2457
1205 2975
1231 2551
350 2494
1189 799
1474 2017
2017 745
1201 2465
2131 766
2385 2566
1153 2536
7 1376
1074 361
661 141
610 1616
1453 1845
2231 2321
477 1121
1453 1225
1659 1577
2959 734
175 2361
316 922
201 1425
2163 1759
1271 1801
585 309
2497 2345
1746 131
1031 398
2025 1921
2895 2758
1897 1225
265 1305
1843 1576
2107 2872
635 1729
777 1314
2605 1333
2546 921
2846 2833
336 2626
361 352
844 2817
435 199
664 2173
2047 115
953 1487
583 546
121 2671
2769 2872
2763 2081
11 2905
741 2353
2791 801
2876 309
291 1385
2305 2863
2191 2215
2826 145
2474 1165
1459 2881
161 2647
988 179
1509 2476
2109 1225
1146 715
450 2874
801 1995
1658 2959
1377 2632
615 289
845 1730
2443 2281
110 721
285 1102
1225 1877
2589 320
2077 859
1450 1825
358 62
1501 2864
902 1561
321 1786
1651 1761
769 1781
757 2328
926 581
421 1873
1493 1901
1960 2596
810 2917
2861 714
169 1966
983 186
2761 2821
2201 551
1117 843
1594 1561
2813 2866
616 313
2265 410
1701 1555
931 415
165 1681
2702 1219
217 532
411 565
2561 1753
1891 2905
42 1473
2641 2089
696 2297
831 838
2197 2399
1141 885
1134 2011
1765 1299
1949 2689
311 721
83 1959
2305 538
397 1354
661 1025
2551 2637
658 1375
301 2026
155 124
1254 1003
2809 1153
640 2173
2102 766
1491 2293
341 2236
2606 346
1 2521
1391 1076
2141 2289
421 2953
389 1253
1069 508
605 581
2953 2621
2725 2001
1157 2989
1225 2774
2637 2193
2837 1471
2662 2529
369 2641
169 1225
2569 2667
121 249
2965 2049
2841 521
1261 2380
2587 2881
2819 1324
655 862
1161 2345
171 1147
92 704
2471 1046
2566 1573
1801 1626
2281 1372
1825 526
2011 1872
904 1567
1785 625
1244 1936
2678 2866
1585 2089
2797 1948
1879 1303
2741 2605
1201 1217
2257 1061
664 631
2555 1901
1807 1489
2877 1681
793 1150
2743 81
207 2021
1162 1826
2051 661
768 756
2590 2554
2330 793
2935 2441
1201 2101
1381 2944
2581 937
1225 2449
681 2166
709 1009
2064 2810
781 1853
34 364
2466 904
1189 379
1705 1310
1111 847
1744 2713
1239 994
577 2569
2521 7
2369 1321
592 2297
2849 273
1417 1561
2383 1537
2545 859
2065 829
2056 1213
129 2615
2776 2478
885 1229
1015 1697
2438 2479
2095 1701
1779 1444
2017 2394
1529 1117
1079 109
2356 2373
1933 1191
225 1
2746 471
1553 2131
265 1641
1969 2651
2571 2500
801 61
601 991
913 2673
376 145
1038 353
2612 1930
873 2199
2901 511
2345 1621
6 2332
1929 565
1419 716
921 567
2173 2207
1365 695
1372 583
2105 1627
53 1149
1906 1084
1846 871
1477 1077
1383 1011
161 2971
1910 2194
2211 885
1588 2101
531 289
1609 1264
169 1869
1525 2365
669 286
1253 1387
2525 2428
1921 601
2401 2541
2361 2269
889 2761
71 1165
2419 1666
2778 1343
1678 1532
1897 763
1801 181
2001 2957
2469 2645
1771 2341
876 2170
453 1817
2322 2295
2836 449
2011 1641
206 441
697 121
1571 1369
655 229
1221 1963
2056 701
2389 2537
2361 418
2611 2446
2173 1813
2837 2001
2205 235
1309 1081
1109 2932
370 1013
2191 888
2465 2916
2905 2181
2196 2489
1501 2401
301 319
625 2046
361 2521
123 1567
425 1191
1371 1481
418 1132
762 2401
2701 2649
2911 509
1531 1975
2105 2728
1240 2338
2836 2872
2128 51
2086 2551
652 2722
97 299
1531 2561
2041 2616
2661 713
2169 2361
826 2869
586 691
1689 2056
237 2979
1395 2308
737 545
1061 2051
2587 786
1229 449
243 1337
901 2810
1604 1213
2689 601
2073 1457
2501 2531
1990 505
1559 1454
607 517
468 1482
743 2377
701 624
2861 1615
1471 1867
2716 262
2062 368
1041 241
2905 2001
1195 495
1101 2536
811 2492
307 1783
1837 2427
249 1624
41 2251
799 637
2035 339
457 2562
1513 1333
2128 625
1049 1848
436 112
386 2705
2757 1311
1361 2289
1054 355
1641 1489
1801 763
214 2329
2462 2525
2035 1515
2606 2737
1351 583
1229 311
217 1427
1777 1769
2359 1501
2021 641
2569 784
2394 1029
1813 835
2481 478
1347 2074
2485 2845
1350 371
697 1153
85 2355
373 1707
2964 2565
993 1981
1348 2927
1321 1411
767 2550
1741 1594
1378 1561
79 224
889 2014
233 1801
2421 583
655 2758
995 241
1771 2329
2896 153
2756 2681
1273 835
1460 1381
441 2186
1501 1600
2681 1591
2391 211
2780 2251
152 9
487 126
2993 2901
1184 1675
693 913
1081 1439
551 2601
2241 1656
184 2101
469 1353
1466 1104
301 1162
2747 391
1356 449
436 1825
277 2125
203 481
2355 865
1681 937
1737 2751
2381 2083
211 1355
1079 241
2753 2251
556 1561
582 1583
1157 2210
2294 1993
2481 2401
2446 1017
557 798
1513 1729
1681 109
1597 2051
2409 1425
981 1640
2119 1985
2059 267
1341 121
361 1361
175 981
229 801
2116 2041
1865 1987
1801 1201
2431 2701
191 1467
1291 445
745 1257
1781 259
1600 2983
1009 2511
1801 342
190 2383
721 641
2773 619
1471 685
909 1644
1754 1625
1146 2211
695 1771
1821 1725
2209 1097
691 2433
205 631
391 2785
2461 729
2077 2830
1127 748
149 1342
193 23
2673 221
2031 2203
2169 1955
2049 2926
1813 2947
645 1651
2699 643
1853 2101
2421 45
977 104
1557 361
1476 1396
2908 2865
2851 817
1597 329
1128 355
472 2563
1048 1321
571 237
818 1345
2671 1252
939 2045
2636 1310
527 2977
2605 385
165 621
1801 1498
1058 2977
1638 1001
153 2716
1941 2477
705 1660
1696 2581
1405 1771
491 2609
1323 1621
2187 157
313 1261
391 1730
135 1933
473 2824
937 1459
1733 433
37 2809
1301 1321
2295 2209
1587 511
819 1927
577 214
151 2701
397 901
2829 61
646 465
376 148
1658 1977
2359 305
1795 559
2159 958
796 334
2319 2587
1465 1881
2713 2670
1747 952
1189 1444
1825 2729
2801 1617
1801 2341
2674 2144
2131 1651
2161 1756
2001 2630
4 2308
1126 1085
1052 1841
2803 2895
751 2281
2491 415
1291 385
2755 126
1116 1134
1753 2152
2121 461
22 182
337 163
1241 1661
1428 1059
2193 507
2243 2791
1709 734
2251 1413
1411 2167
2011 895
905 1861
2833 325
2251 547
1385 661
2977 1825
1517 693
289 1751
1717 1798
1781 1506
2581 2038
2166 1974
1141 1961
151 2371
943 1941
2035 2019
891 1153
2545 535
568 1
531 2070
1342 505
1115 1546
181 781
2401 1991
221 1528
2548 2521
2645 1570
141 385
333 2302
2435 1305
2505 201
1180 2893
749 649
1366 541
411 1653
1916 382
928 2071
689 1893
2983 2757
1846 2503
1754 2173
2191 1153
2683 1461
2 1
2585 211
2481 1450
2724 2983
2626 1321
1642 329
2936 2433
1140 647
1636 2651
2233 1909
1204 695
541 973
2318 1711
2281 1041
898 2194
1507 2965
1405 271
1077 2189
127 2626
440 2705
218 1825
1340 492
2221 105
617 621
2021 52
2141 2593
2563 1183
667 2725
2206 605
1963 7
409 2201
751 2401
210 1251
938 2542
1404 2827
1522 2761
905 121
2961 710
1369 2869
1003 2861
2761 1869
2946 2305
2105 2187
829 2551
2056 859
2979 2569
1123 2671
741 1787
2579 1362
2279 9
1393 2349
2977 400
2026 701
2795 2257
2833 801
1683 721
1900 163
1873 1146
2577 2201
943 2180
1198 1381
1321 1141
2554 196
136 223
1501 507
1628 2776
1381 1513
7 2041
1864 1169
967 1737
777 2401
574 1393
1641 2875
2585 1747
2161 846
737 2833
265 2721
2617 1456
1220 2017
11 451
1396 2929
531 2144
2800 867
1488 1753
93 48
2953 101
2001 1705
2181 751
993 2449
1369 961
505 2201
2137 1413
2713 685
531 2136
2017 2521
931 1
2899 409
591 2201
670 2074
1007 1449
289 2537
2752 1876
1501 1694
1387 521
501 2545
1563 2841
375 865
1635 85
559 349
1115 1321
2120 2513
1022 2121
2865 2321
2329 2521
674 2605
601 1715
301 2827
89 469
2545 308
1165 323
2938 1996
2785 925
766 736
331 1369
709 1471
2006 401
2619 2101
1796 1249
2286 356
973 2189
997 2713
2479 2305
1657 1498
902 637
1429 663
2594 1451
570 1801
526 1713
760 2951
2675 761
63 2167
203 130
2297 2689
991 2113
280 637
385 733
1411 1831
2069 463
1557 309
319 361
1993 236
2754 508
321 2833
436 2923
1537 859
1650 1933
1537 2959
1647 967
627 2809
2953 724
1471 1369
2234 817
889 2161
2521 1076
2126 716
2574 1311
561 2557
2029 1409
161 946
2797 385
2770 2325
1010 951
1361 2491
1262 2695
1685 1321
1305 2095
1631 1077
2471 1175
425 1656
217 1804
2401 1313
2593 2611
1916 2005
313 1369
283 2833
1925 1589
1429 1771
2136 1729
1876 2891
1641 2701
2959 2761
801 955
2122 82
791 341
1431 2026
1753 76
1105 272
2996 1129
1602 185
651 1721
2255 1257
253 1333
2789 1681
1124 1818
1219 664
1995 2962
2446 2951
572 371
553 2451
1631 2143
386 2203
472 271
2989 2393
2096 1489
1245 601
244 246
2073 1590
213 2471
534 2857
738 1031
1941 1194
1495 1201
2281 427
2200 886
93 1873
938 2455
1769 1696
2985 1731
716 129
976 1053
2001 1555
2723 2890
1511 640
2089 1513
2855 2597
1462 2395
2530 2926
607 2964
429 2441
2461 2801
259 958
2601 910
220 2017
1441 187
518 881
2351 1061
2367 2431
1303 2857
176 55
2289 1141
2569 2627
151 376
1366 2351
1089 1513
2090 2149
1321 886
1006 1166
2734 1225
2269 2409
2485 218
2191 178
487 2296
2784 1333
1681 681
789 163
1623 358
1057 144
2489 2449
361 1627
2769 2558
2596 2785
319 2841
1873 1318
2049 2365
1338 1777
2221 1765
253 396
317 226
2041 145
1263 425
2841 2285
1335 799
801 2585
1439 1651
1339 460
2447 821
1558 2785
658 2149
2931 1297
1193 931
1596 2568
2953 2450
2146 1627
949 1434
1603 715
1705 634
1561 103
2995 1966
481 1649
762 1402
2127 2721
241 1793
133 937
2061 1159
717 1126
1965 1393
1284 2401
2761 1606
2229 2011
1841 1903
1975 2459
1245 1891
2284 304
649 472
1251 2281
450 2581
1471 2995
1760 591
1666 2081
296 1306
177 385
1097 1021
13 1897
2976 1218
67 1246
1849 1795
1633 633
2431 2713
1560 217
2956 654
2693 156
2193 349
2246 958
873 821
1945 2649
2321 1942
70 2731
645 1285
11 337
2789 1500
373 1629
1963 2556
968 1639
841 1141
121 2947
1371 2791
1116 894
2707 2414
1185 2061
2203 2712
2068 2238
1988 1829
1681 2122
2089 916
1213 767
2067 1896
317 877
50 2461
433 2095
2349 371
1783 461
315 144
1272 2857
1567 2549
1592 2141
2976 1270
301 1381
1447 353
625 2951
1361 781
617 1684
1051 2155
1711 2656
721 1633
307 1695
1755 961
769 2729
2731 369
2137 2569
1779 1439
753 1359
2458 1817
1852 1529
277 1291
891 856
235 1856
2357 2191
1318 171
2633 826
2947 958
1201 655
1413 426
2701 2452
1846 1401
1065 988
1773 1169
2740 2141
241 73
1209 451
1783 2793
2635 1345
667 1625
445 2043
2749 2185
2743 834
2799 2461
2205 2023
984 2986
665 2101
985 197
2320 2401
571 2631
2086 925
1443 1589
2801 889
1235 1843
1803 1178
1619 486
2221 865
2917 2383
2943 1270
2892 2350
325 431
239 2916
2629 1
748 377
1753 163
1681 2351
2049 2762
1369 583
81 2237
652 2655
433 2643
1981 2396
191 1385
2712 2961
2749 2653
2131 710
945 2299
1585 401
815 2852
571 1141
2077 1504
659 1720
1386 1931
1909 2826
373 2269
1884 721
1936 173
2941 1881
411 850
985 2811
1265 2411
2081 1345
826 1117
1221 2925
141 526
2775 2109
2201 2331
56 1576
712 1219
2665 1931
1480 1181
301 2215
2889 1500
2101 1255
2965 2015
671 1921
1127 1037
2936 2553
1981 1201
97 1309
1630 1361
233 173
1644 1947
476 1345
2686 1583
1811 2895
2671 555
2488 2158
2251 1401
2377 1817
1597 2521
2041 1085
1291 1141
457 2309
2701 1896
2171 2095
1860 177
259 2440
1449 1651
1279 313
2389 2953
1801 1534
1081 1009
2035 181
1919 731
1129 2283
2377 2893
2071 2201
893 67
718 73
1060 433
215 1001
1618 923
169 473
1734 715
2723 767
1364 2969
471 2665
1097 726
243 109
219 77
1843 2275
1946 672
547 387
447 1327
2326 735
2401 971
1333 1511
2656 1727
2443 779
2497 1756
2761 1799
2465 1622
1253 1449
2821 329
1923 1357
2351 1867
2626 2123
2467 1271
557 1273
2493 1733
1 2487
1616 2961
1462 989
481 1126
271 2065
1719 991
2599 409
127 931
646 313
1377 2129
2476 1249
969 1039
984 745
1801 660
638 2753
2287 1265
2377 1165
2845 2059
2921 2138
2551 2062
13 441
1327 1685
9 2661
392 2161
2358 2231
313 2241
2813 1656
1593 1131
1638 289
675 1852
837 201
1339 2086
2257 1001
2869 2020
2416 2329
977 106
1185 2668
2161 2335
2421 1385
2785 801
1099 1377
2493 2952
2454 265
1873 2072
2289 2497
338 2421
2341 2089
234 1105
839 1897
1901 2415
847 2430
710 527
520 274
1993 1171
2176 2165
2734 1786
1828 1411
442 613
2107 1456
2971 2800
1941 2827
2677 2578
2305 1819
655 637
385 1825
1192 828
2956 1486
581 2345
685 1610
606 2041
1811 1561
2819 1127
1985 1867
1283 1570
641 1205
461 2574
230 2585
201 585
463 1417
1737 2497
223 559
2362 2485
771 46
343 78
2929 193
2311 2857
1009 124
2905 2128
21 1133
1642 2839
219 2245
1930 976
617 2285
1496 213
1213 2121
1771 2929
68 1274
2345 526
1021 1297
1462 2777
203 1421
2025 1884
1993 965
356 1963
1411 1669
661 406
2861 1841
1356 2283
2023 2573
1759 251
751 45
1549 179
85 1621
2207 2443
2341 1625
1141 2365
209 1951
2811 481
439 2947
1583 681
411 895
2656 541
1817 751
1825 1321
2342 2552
850 2641
2950 77
790 2392
673 1003
521 1955
2846 1652
1615 2601
1329 2383
567 2982
533 1093
1769 1213
922 2821
2239 1175
2805 853
841 1210
85 2290
2747 286
574 1039
2041 2281
160 2065
17 853
2171 2737
1841 97
1881 1376
1367 1696
1421 2089
1192 2616
2729 265
1057 1140
2768 2809
2421 1151
1913 1681
2856 2692
1001 1015
827 2749
2722 1762
2198 1441
1971 996
87 2897
751 1241
838 1549
2983 929
71 97
1241 2833
2848 1321
1145 2097
245 1123
2171 1552
1415 565
553 1513
1 2563
1381 2847
625 2701
1456 2176
2065 901
2794 910
595 346
724 676
2672 2226
913 2353
1231 908
2965 2349
148 459
841 1743
2812 877
1060 1033
1597 1945
2755 1111
1031 2684
2115 182
1 1216
2251 1945
669 1577
353 561
1428 2236
2358 2401
295 1
295 151
475 1009
2905 2034
2783 151
2616 2735
471 610
1876 659
2053 1999
1953 491
2401 1057
541 2833
2718 961
2527 987
2026 361
169 2617
2049 701
176 2651
2341 695
1487 28
373 425
160 2053
2281 2545
2601 2909
1477 1383
1329 2416
240 542
1381 1753
1951 2337
1135 2171
1416 2159
2061 1001
1777 1605
757 1933
299 304
373 1771
493 1676
2694 441
2153 1807
1059 73
2104 2560
1673 2688
2659 865
2933 2641
2951 1106
1577 2321
849 2706
336 1861
1249 1802
2041 2077
2025 283
1159 1333
1197 1
2878 406
1419 691
1519 2515
781 1441
2155 2705
2713 2576
2033 1881
1650 2473
1561 501
1751 749
638 401
2136 137
1489 1161
2905 439
1351 1801
1837 2671
120 2521
427 413
1267 526
2021 2365
2521 1396
2701 418
1959 1597
1777 709
751 1465
1657 2254
2303 1069
2737 215
597 2188
412 2241
1969 2959
1681 1441
859 492
419 505
975 1228
1282 1014
2542 2341
706 1531
1175 2473
1159 2701
957 1873
2550 1465
2161 217
485 1811
660 2431
1609 108
795 1817
171 2127
2881 2346
2735 1425
1157 781
610 1291
2881 1594
1174 1017
1996 790
1507 841
1796 376
1858 484
2676 1189
1826 2221
2638 1777
823 2424
2709 1043
1161 1721
673 1555
1884 473
613 326
1951 576
2574 1874
823 756
1537 1761
1698 2267
1288 1741
340 88
2789 61
1378 1913
1396 1961
2301 2246
1279 2425
1648 1705
2281 1913
361 2503
1351 1720
996 1169
49 2918
1033 1072
2545 1306
2813 898
489 721
985 1433
407 1480
1426 2565
1177 2893
2813 263
2701 2401
250 1495
1414 999
2761 2457
1273 2967
1985 2428
1354 407
613 843
845 1909
2176 725
1915 2629
1579 1526
1717 1289
964 145
998 1455
465 243
1929 1759
176 1777
1629 2271
2833 1967
2095 319
1568 2161
1848 1834
1815 2325
2126 2029
301 1431
2527 1361
2137 279
1441 241
2911 1858
1501 2624
1436 703
1501 1510
269 586
538 9
2773 917
907 1033
1597 2791
2971 2029
2227 1342
2469 1593
2449 2473
1576 2242
523 2599
2476 2289
667 2509
871 374
1631 1105
1349 2331
1914 849
2505 535
2976 1921
1066 401
1781 2953
2734 838
2801 29
2656 2465
2818 2001
1 1991
1921 2762
2701 1472
346 145
1585 2945
1581 2231
1271 961
121 469
2167 2689
2553 1241
2473 805
217 1594
2242 1481
792 1994
21 649
2233 1948
421 957
987 1433
2321 625
1957 148
746 1682
2155 721
1009 205
2221 861
1716 2201
2585 242
1891 1213
2671 1001
2593 1817
401 2545
1941 2875
1097 877
1097 913
361 1995
2491 1932
1573 1456
2536 237
2140 221
1155 253
1165 400
2853 1214
871 742
633 2665
1641 480
2401 2575
2572 1696
1621 2586
1302 2083
250 2771
1357 535
971 365
2335 2218
263 325
1689 1173
1961 2007
2707 2925
1977 401
199 1187
1501 939
397 2281
356 2338
511 2651
2871 1525
2341 2193
2911 2521
1999 1077
2812 631
1215 1186
861 501
760 2375
379 646
629 1833
2387 631
457 213
2086 244
2591 2281
2085 1831
373 1124
2050 145
1727 565
914 369
631 1471
1658 1261
4 829
951 301
229 1191
542 2729
801 2858
2230 598
2752 2264
2211 2706
1153 1809
2710 453
496 2368
433 2601
595 2461
227 1355
2773 1072
1468 344
207 2411
2721 39
1273 2261
1201 1025
139 1927
1721 1864
553 1505
109 651
2709 2702
2601 1239
662 1345
593 1831
1 256
2069 1896
2443 1816
1034 2275
1751 1849
2377 1417
2760 2401
754 1357
589 1082
49 571
253 2677
301 2940
946 1897
1741 1831
2704 1
701 1379
961 2761
1237 829
649 1171
661 1611
547 1707
1951 1699
2569 2611
671 2080
1956 2011
1106 283
2625 725
2608 2481
1090 990
1588 1114
2413 238
2230 2557
2989 661
2745 2479
90 85
2977 16
1969 2275
286 2401
2705 2829
2585 701
632 1385
369 925
1169 284
961 2176
1435 1378
661 840
73 2235
851 2977
1161 254
2641 2941
173 1477
1563 1549
451 1625
1813 631
835 2601
688 1907
1011 1420
2821 714
2791 1724
982 64
2570 2885
2350 1469
770 270
642 2626
1479 1807
1926 226
2728 1632
234 541
2801 2275
136 141
1 2356
371 1049
913 2486
2929 943
271 2875
1254 2680
1889 2332
2002 913
1279 1471
929 2786
2043 2591
1649 863
689 2512
103 981
1019 2983
2281 391
2001 1989
69 2425
2222 2476
2317 845
2873 1319
9 451
2167 568
1880 1743
157 2125
334 565
2086 869
404 1348
1541 2173
2497 729
989 23
889 1633
2381 2616
2506 337
2817 1383
1113 2953
1711 763
677 2623
181 713
2459 489
502 25
1199 576
2521 2193
1365 1678
2991 2875
2081 891
2365 2434
1737 946
1817 1288
1147 2287
223 1687
2284 215
2128 474
1001 2791
2446 2809
1341 1957
885 2967
1292 1501
763 217
1909 2401
1081 2957
1705 2185
25 2711
2389 35
989 33
2801 1606
1273 28
649 2331
1921 681
1337 1295
301 2308
2029 2735
2796 1375
458 880
1966 1369
1675 906
1846 1333
1481 520
2917 2704
201 365
2713 447
2971 1471
1701 679
774 2978
2565 1855
472 586
2263 1301
1129 1186
2049 649
2077 166
2647 2288
481 677
2881 2329
2876 1225
2881 2686
1417 649
2812 793
1411 2443
733 1289
2738 1009
1225 1381
2821 760
1289 1718
1191 297
1711 1529
2551 217
2284 1657
1996 2801
2933 1353
1423 2111
2905 305
2953 857
760 1984
2019 235
293 313
1229 931
1694 491
574 1537
1869 1201
1426 1025
1786 946
754 1165
219 1307
101 1719
2572 269
2431 962
2047 92
2401 1471
1405 2542
1591 2203
2722 2925
561 1441
2476 1506
165 1111
1999 81
1984 1339
2328 1161
565 2434
1434 1193
1451 1051
1555 799
2911 289
1286 232
201 1825
2738 746
196 1690
1876 1706
1261 481
57 121
2057 2835
2707 1751
1989 1255
626 2685
265 1801
1594 639
1189 1949
1721 9
2088 1665
1224 877
1437 2224
1429 1409
2101 2629
2405 316
388 652
1365 1801
667 1797
669 2373
277 380
1533 891
2506 2829
2541 1801
1255 931
1627 418
616 2833
1972 2746
1715 2581
1673 2851
2590 1660
167 1509
2019 1850
583 2155
1345 415
1628 285
1741 1792
2793 1767
2381 751
2071 577
814 1681
761 1737
2139 1649
1267 1426
2661 1461
2917 1681
739 1306
1615 1462
1327 1069
861 2650
2146 1446
2225 505
679 1609
1329 2961
1451 2957
1951 1
379 964
1705 361
1972 1346
2297 2167
2074 559
1411 241
40 2345
81 1198
1033 1791
542 2791
589 2359
2395 1443
685 1676
790 177
2926 2270
1131 41
2721 1003
2065 1313
257 2665
2462 811
1366 2291
2336 997
1663 1220
280 2312
1551 601
465 1609
39 2277
1987 2460
501 195
343 1270
2069 101
1795 2001
877 2767
121 2865
895 1940
2377 2937
686 488
1075 1147
1201 874
581 1865
2917 481
1429 647
1429 671
925 2772
2161 745
2617 2233
1528 1701
82 2359
2329 1577
2293 586
744 2623
205 1361
2481 540
756 517
2101 925
1786 643
2410 2121
2059 1111
1158 1308
967 1666
239 913
1821 661
2990 1557
337 2665
369 1558
970 2247
430 2905
571 221
1911 73
2017 673
1501 1046
1456 1939
2566 1297
114 2417
2596 1924
2710 1635
569 682
1786 847
2167 1135
1252 1331
2797 1713
1721 385
2973 1065
2146 2136
2442 1380
2633 1015
2117 2950
286 1888
2944 1096
40 745
1057 340
1627 217
925 1441
1016 2191
2663 2401
2455 376
1093 1089
1288 337
255 2141
1531 329
1261 1601
2093 85
1252 836
247 1577
2831 576
322 1077
1507 301
2619 49
875 712
21 1071
225 385
1796 973
2081 1267
736 1884
2506 605
61 2545
1501 2779
2684 857
633 651
1457 1976
337 2095
646 606
901 2075
2476 1600
2101 2516
1701 341
376 997
721 2167
1455 851
1729 2375
1027 61
2917 1351
415 235
2575 845
2719 2997
1346 1796
2857 1741
439 847
679 2956
777 1597
172 679
1829 2761
853 2876
526 2593
1375 1212
2905 2431
1371 1283
301 1713
705 1337
613 951
1666 2651
2337 714
15 465
1644 2553
1251 775
553 1743
2977 1945
2263 2593
1001 411
2236 2161
2301 2191
833 1289
1405 1473
2737 97
2313 2487
596 1051
259 337
2186 991
2161 595
505 601
953 465
1501 426
2981 2265
2078 1630
2759 2513
649 2137
2946 1161
895 1801
265 193
2459 1162
1585 865
1975 2302
2207 1891
513 2770
2490 2229
2241 1451
1828 2561
1159 1957
2564 2653
481 231
633 2311
1359 1192
1585 1817
2399 2337
2411 765
603 1129
2674 1657
2985 49
1489 801
491 341
433 2471
553 1023
136 299
2201 24
2251 1614
1435 1694
516 619
427 1090
1921 1081
1660 2653
2412 2677
585 2681
2167 2101
1636 2967
2665 1685
1769 1663
589 607
268 313
2169 229
681 1816
1 1943
1976 457
1825 1329
1482 1597
451 2521
530 1201
1603 197
1192 589
2617 103
1576 2945
2881 2585
1589 2409
1897 1383
1711 73
655 974
1033 2914
2431 501
205 1583
1453 1166
3 901
1671 576
303 2476
2381 2866
1981 1111
2428 2353
2737 112
224 1578
1451 1441
1039 328
221 473
2676 2704
985 2851
367 1751
943 1765
1685 249
517 249
651 1676
1465 2621
2631 2537
2887 598
1131 2785
1525 2593
2589 2089
265 559
184 1
751 867
2353 247
219 2155
255 893
2337 988
1035 2974
2981 2035
2323 1281
1745 1669
1810 2785
2281 1341
1198 697
1560 2951
1873 2751
81 2623
649 2997
1530 1073
2996 841
2863 2291
119 2320
2409 93
2619 106
810 1613
2404 401
301 1766
2121 1719
2097 2901
2507 2577
956 672
1251 2576
1411 739
2633 2062
1911 1522
1126 495
291 2551
6 2363
391 2324
268 1685
190 871
2701 293
2701 361
2617 481
2321 240
815 1423
685 377
1750 117
2569 2617
1291 2050
61 1141
1095 2732
639 46
1583 1528
49 2255
383 773
2743 2572
297 831
76 2131
1431 1905
100 531
793 921
1916 1389
1851 1361
2171 1433
1421 535
2128 881
1353 215
2873 247
153 2305
91 1785
388 995
1449 2041
1301 889
2607 1759
1113 409
345 1501
2992 881
665 1241
341 1013
1411 2214
1493 1361
825 1865
1129 2707
2959 2435
1801 2205
1665 1436
251 1633
1297 2073
1138 1165
313 2433
2296 2206
875 387
2473 305
943 2535
2356 1726
1329 601
2723 121
745 1201
157 2219
2771 2222
1998 2785
2680 2721
1295 1038
1057 1786
2269 2161
1620 1777
1979 1521
2576 1786
1701 2053
1345 27
2801 505
1980 2545
2045 2967
787 2581
1976 1465
1129 2969
859 1417
2649 2827
1909 2166
97 339
1351 1921
2714 2041
1393 2541
2539 2921
2009 1
2681 350
428 2055
1481 586
2896 62
2793 2585
2167 2556
1065 1210
277 1229
97 1409
1907 451
523 2921
2761 949
101 53
748 1841
2201 1825
173 1637
1532 1159
127 175
827 241
2911 1217
2349 1475
304 453
2797 1033
841 1162
537 1105
409 801
1665 2923
2720 2059
1200 2693
1351 2167
2207 2179
2782 889
817 77
2101 1231
238 816
2500 553
111 2689
723 1481
1709 2539
521 2659
361 789
1838 2934
259 1902
1759 172
2319 1165
721 1976
541 2738
181 161
2614 1505
481 1903
1361 1111
2917 2044
1331 2181
737 2065
37 1765
911 2181
1509 1076
2989 1986
793 2180
2607 1119
811 2841
2785 601
451 1537
997 1501
1024 805
733 1241
2281 1944
597 1076
2641 343
1229 1965
2142 1903
2864 2665
130 325
2955 1231
1537 301
1316 732
1191 1663
642 2755
2022 2653
1699 335
697 2872
895 2909
217 893
2250 889
79 2636
181 1363
1801 649
2125 1351
1135 53
2889 701
2776 1749
1936 878
1841 901
2221 2473
33 2641
1294 345
1 886
32 623
2767 1777
280 2369
1362 1879
1881 584
209 2305
1054 1497
513 2167
1233 830
1343 2431
1765 2005
53 2047
1601 1519
849 2357
791 301
1959 2069
1525 2519
661 2329
405 2007
2371 2885
2976 361
2105 1533
2077 119
101 401
246 1609
1121 681
181 1696
766 1718
2028 903
127 136
285 2224
1431 2901
1391 76
622 1180
1369 1424
1033 2761
1825 245
1585 2161
2409 223
2953 426
1496 1105
1523 1939
2530 2005
1749 1176
2072 2200
2001 1059
1477 2545
331 1777
1101 401
361 2985
2596 466
1295 1341
709 1225
2441 2673
1396 1555
2429 2934
41 1057
2412 325
2725 1321
121 1984
1729 2233
2461 1300
2307 1041
2937 511
2063 2257
1777 75
145 2851
1313 432
2977 2621
511 939
2533 1501
591 1713
999 49
1825 2883
1201 1264
1576 1378
2438 2909
2193 1230
1421 1153
1376 388
2286 945
220 778
876 441
713 1024
2773 65
1303 2799
2740 613
1396 2336
1891 2566
58 2351
1186 2817
2831 304
1322 2936
712 2537
559 2143
1369 610
329 1075
2560 2073
1 1018
1093 2246
733 680
2451 1408
743 2665
2001 2356
1576 1956
1987 2481
1477 884
475 568
2666 1159
155 2041
1489 559
303 1605
1241 1384
2449 887
456 250
1282 109
1126 2824
2271 631
2170 801
1195 2527
1121 201
586 1660
1138 911
2209 1817
1997 2611
705 413
776 1765
1591 2565
289 1955
1633 835
143 983
1249 2726
2153 2953
1661 2257
487 706
2551 2917
1148 2620
793 2191
2545 133
2598 1009
165 505
1387 1459
1892 1829
2163 2491
2767 169
21 2263
181 1123
1657 2973
2956 2152
1765 139
2929 2445
1149 198
1611 1681
1960 753
1486 2395
2589 2128
1636 2147
1394 643
2764 2263
2676 929
1 961
2647 1993
1675 1095
2851 556
2301 2900
1459 2362
721 381
1504 2704
495 2251
2193 2659
1681 97
481 2295
2671 2600
2607 751
2095 1213
343 2599
2649 1276
1489 811
763 1136
453 1315
37 340
1417 912
205 2686
2221 1609
2321 575
2539 1252
880 1917
2764 2357
1 2152
2631 102
967 2141
1837 1311
1105 2343
2089 2840
89 1561
862 41
2093 2926
177 449
2241 781
1981 2313
2176 1653
559 2256
304 1264
2241 865
341 1801
2276 2877
1213 346
2132 2131
2327 1801
1826 2074
1461 469
2273 1906
2713 503
51 1519
281 1121
2845 2545
2612 2577
649 361
96 1909
6 517
291 2215
1091 2402
2340 697
1321 2560
13 1519
355 505
173 2085
97 2596
1804 1276
1833 1580
341 1130
633 1805
2077 2411
856 1857
2821 919
2457 701
1897 2236
1699 1261
2401 2555
889 2633
2632 2350
2497 1649
2881 2317
2551 1121
201 2794
2701 1345
387 1225
2041 2111
2035 1331
1945 2065
2281 1401
2341 625
1 929
1456 271
433 444
579 2073
2119 2201
1993 2877
436 609
2119 571
455 211
2725 2548
1998 2623
176 781
1076 1969
2744 2635
1209 1851
1705 1473
2501 2761
2281 1459
861 467
1881 347
1135 101
1401 2870
321 1993
1873 1096
1 541
281 1009
1291 1689
2497 661
721 217
1625 2623
2641 325
2461 1333
673 2989
2339 2347
67 1317
2167 784
608 847
1459 1177
2476 1065
2501 608
2049 2099
181 13
2061 2051
2136 329
2657 2986
886 2107
997 1
559 515
1735 1459
2179 2897
2223 2857
1251 1816
1021 2991
1333 1393
1789 1675
931 2661
2561 363
2178 901
1961 2682
298 1319
2161 337
2926 1991
2017 2075
1891 221
1421 563
2667 973
479 2329
1486 415
2873 2741
647 1075
430 2427
2332 2488
311 2221
1681 1596
2924 463
2451 25
751 2555
973 2289
961 533
1901 431
2499 2691
577 2110
721 370
265 2207
430 2857
101 1899
2051 1321
1101 2239
2401 2851
166 1681
1348 2635
391 229
1141 1375
208 1411
1468 2251
2867 2214
1127 107
1756 881
2179 2203
1471 2116
401 38
1352 2191
1051 751
543 1421
1105 280
1009 601
956 153
2411 2698
61 873
556 2777
1849 969
817 2145
244 2889
2225 1490
1507 1049
363 2669
2156 832
878 2212
1681 2641
1765 1825
2593 73
2651 106
181 497
1801 1332
223 2257
1959 1721
1709 2051
1811 1
2041 1393
508 2486
1015 1594
921 1459
1564 2569
923 1625
421 1108
2794 2749
751 2771
1360 2233
2681 2251
1402 1555
2185 2822
2149 2401
1585 1399
2841 1065
2971 333
1426 145
271 2068
166 2281
1429 1957
2001 795
2041 2089
2919 1288
1710 1213
1201 1087
2011 2002
1459 2257
1561 2513
1931 1189
1249 338
970 2575
1914 329
1226 2311
624 1747
2221 2848
1531 2827
1253 279
481 763
696 2701
2409 2679
2713 1913
1015 1009
2241 2229
1797 1526
1497 2709
2929 2631
601 1881
867 601
801 2509
1465 1231
2737 1816
2001 1186
2306 2281
2083 1804
781 163
2545 2091
248 1339
1061 1690
1621 1931
1305 1747
946 469
1801 1174
2791 1327
801 37
1252 1777
1729 2331
1264 441
2381 457
2314 967
1281 1901
1385 2969
2185 1535
261 1441
908 2659
2133 1752
1825 1
163 1689
1717 2827
301 457
2417 1716
1814 279
589 2673
457 78
1464 88
147 2342
1001 1492
2590 89
2197 1162
1941 1486
2279 2482
1411 2959
348 377
1407 1519
2063 2101
1913 2297
622 2133
2716 2581
1634 466
1776 1649
1208 1241
571 1948
1781 2666
2455 196
2176 641
2971 2689
61 1876
2849 2393
1477 67
1021 958
2623 265
1661 1547
273 1843
2671 226
2723 2998
1540 834
258 1236
1225 667
1518 495
493 913
2945 2841
1424 1431
57 2365
301 721
1817 964
1315 2331
2281 2539
2585 115
2481 1213
1865 2376
2113 487
1637 2376
967 538
1372 2509
1135 2593
2329 230
2637 2656
1129 1766
2569 1271
2335 2113
711 969
1519 2431
2437 1135
2248 1313
1936 2641
2860 2644
2841 1173
2390 2989
451 2889
1743 1450
2305 2446
2097 814
2201 2341
1021 1639
909 301
2113 1953
2821 601
2155 2868
1001 2768
1031 235
321 2005
1301 1514
385 1597
486 1825
1681 769
2912 1491
1081 799
441 585
1345 511
2743 2597
2641 31
2309 2865
1181 1851
1047 2401
1000 586
361 1033
2874 2257
1346 861
1201 2457
16 2211
553 697
753 1921
49 893
1548 1906
2733 1372
124 813
1487 349
1125 1889
2869 2773
679 61
665 2953
2216 2792
2381 1141
2926 2041
376 1733
1425 2012
2351 2741
338 1906
1973 75
1621 2815
292 2065
1457 2481
1792 1527
121 2213
517 2281
2468 595
2761 601
949 61
2065 1901
1553 1285
466 398
2510 1431
2221 1433
2501 2311
1077 655
2069 153
49 143
2317 952
1525 945
31 1369
1945 763
669 1987
709 121
2795 1987
1781 2969
361 571
2346 2641
33 565
2101 2306
73 1373
9 1716
2953 1001
2021 625
196 2098
546 2134
2904 2371
985 2696
1981 2331
367 786
341 2956
913 2683
1001 241
2105 1509
2185 1625
403 841
1657 498
973 1751
973 2783
2657 1000
1553 2929
1693 2557
2407 2405
2168 613
1201 241
975 1336
563 289
415 184
1573 2553
2401 2359
2872 1081
349 945
121 2339
1336 1366
2237 2424
1785 496
571 568
2221 434
1922 1671
2047 2641
2129 2507
1993 1957
2878 1033
589 2011
1231 1621
2662 2811
105 91
1471 463
143 1753
2151 2461
2899 2671
669 1069
611 1776
2537 1177
1041 1321
1015 557
2721 239
916 501
2065 2230
2203 552
961 2361
2989 1289
97 1576
715 689
2955 353
593 2904
2365 2515
529 1381
1859 2221
1 165
547 1771
1157 565
301 91
1689 1729
2263 2665
1041 541
2881 181
340 2791
1297 1043
996 521
1225 1969
688 1287
2405 2337
2048 2536
1341 1543
1522 2349
2681 2901
2860 192
661 476
1826 303
125 2767
433 2201
505 1801
1813 1796
97 2446
1537 2981
970 277
1218 2161
2401 2337
1001 1601
1501 2601
1969 2457
1983 1161
1641 181
929 61
2466 2249
2664 706
1231 697
241 1861
801 1351
713 2209
1697 2913
1121 2161
713 301
651 1077
1405 2296
2847 233
2287 1270
685 1105
1241 1617
51 981
2881 748
2971 931
2045 2797
373 2814
736 1858
2601 1313
1432 584
809 1361
1333 1117
601 1630
757 2953
2801 2251
1033 2645
986 1866
399 1291
643 341
2201 1152
1030 2713
1511 1266
1171 141
2245 2157
2891 2087
561 811
130 421
351 1611
2515 2751
1873 1191
2371 1465
1441 2557
2605 217
2153 2610
1213 41
216 549
2611 2946
481 76
351 1166
1723 966
1501 1053
49 1057
429 910
2987 91
297 25
2081 931
1089 2081
951 2329
1501 943
1201 2591
2141 2103
961 2027
1787 637
2909 25
2857 2473
1323 229
658 997
1659 1180
1339 2616
2571 2305
2457 2132
2279 1340
226 382
2033 1041
364 2109
481 361
571 1339
2029 1357
2395 2935
1525 1216
1514 2947
2071 249
2716 1262
1489 1551
2341 2451
2993 1777
1125 1751
401 151
2201 274
2545 153
2021 2236
239 1001
1676 412
985 1141
2289 2564
1881 481
1531 61
2928 271
1503 2907
984 268
2191 226
2571 595
2389 751
2917 335
2826 2233
1345 2195
2313 940
2197 1456
2226 2724
1343 2016
466 1441
1145 2201
2891 1758
1 41
2433 1763
1633 461
2628 2707
2851 215
313 1924
2545 1183
2026 435
811 2289
350 1525
577 1065
2151 586
1471 1784
186 1513
1516 1705
2536 760
2661 1750
481 185
321 1515
551 2536
2491 2182
1499 734
2656 1403
1969 1761
1515 2725
2854 1225
701 97
1075 2197
1831 2941
251 1673
2059 2356
2959 902
2259 1012
2059 2801
2252 317
2925 701
95 2296
1809 699
681 2919
2221 730
481 526
1113 895
699 798
284 160
1537 845
307 2153
334 496
2297 2384
2571 2609
91 1882
765 8
2395 572
2337 2701
2593 1366
1009 801
1423 2332
1620 1513
806 22
2269 1041
2485 1813
625 2790
787 556
1669 2506
1509 2069
1351 2746
706 72
2771 2617
1297 2221
577 2201
976 1630
1993 2841
646 2833
655 2561
1773 508
1362 1816
2041 468
781 2629
2121 1514
2945 631
2481 2317
1669 1111
19 47
2901 2348
1087 2540
1471 1
735 730
2424 486
2081 2938
2945 2769
1036 2976
489 2734
1568 2131
767 921
313 1928
1065 821
377 417
571 701
1957 1615
2479 2257
737 1531
178 1366
157 598
2001 2360
58 581
1191 1989
2441 376
1409 2793
2026 2984
417 1136
214 814
2521 1453
2377 1235
429 2041
1021 1501
2019 2801
139 616
301 2193
669 1251
2768 469
2061 2561
2560 1969
2641 2329
325 199
679 2485
2976 2089
2853 1
2927 2581
2971 1401
329 1073
165 2657
544 2802
817 2461
2725 2285
901 431
941 1351
2897 1673
2925 1967
2831 103
2442 2201
313 2432
1017 1591
1289 2222
1690 165
2922 451
1001 666
838 1749
917 1825
1709 13
2757 1159
1596 645
655 595
2409 2666
1801 1301
1520 1300
731 1401
2857 2593
2869 67
370 265
1251 826
2831 1063
2536 1452
2220 1135
2185 2015
2721 2276
1031 2031
2501 1396
1744 259
2376 1271
249 301
2064 1843
2473 2995
271 1717
841 549
2529 2101
433 2362
2917 1504
2522 830
385 2563
781 1279
144 687
2389 2652
1155 1470
1513 1088
502 2311
2643 240
2131 2941
321 2253
1681 1912
291 1065
1741 1286
1992 2317
2201 985
661 2306
584 1731
2961 721
1501 2746
173 2554
373 1273
1375 921
283 1725
2758 1095
2221 766
721 2896
2855 829
905 601
1377 1815
2132 310
2353 2997
2197 2921
2401 2257
1646 1073
2401 625
850 543
82 1414
2434 325
625 2665
2461 122
1501 744
1847 2669
61 1967
1831 2728
1063 941
1165 1639
2637 2642
2041 1205
1087 2036
701 1123
1655 401
285 2275
401 1366
2596 1297
1771 1441
657 2206
1966 1165
1821 2013
161 429
1189 1461
2728 1403
1373 1383
561 2179
1805 2571
1897 1477
737 1963
25 1262
2773 2009
2641 695
721 1649
2601 889
2113 2456
2631 257
613 275
2344 675
1942 2851
361 1550
1697 2186
63 415
2939 2856
1785 601
1547 327
1915 601
2394 2543
1887 1161
201 1231
1585 673
353 755
512 697
2851 2273
1841 949
2737 1265
1413 249
1372 1240
2473 199
379 55
1787 1063
2167 2321
1939 1699
127 1971
785 2557
1225 1881
1753 1305
2403 1849
2681 1639
2725 1499
736 2509
2230 2021
337 729
1174 1351
2401 2717
2021 2298
1616 2726
2869 1243
2349 1457
289 291
2152 481
179 941
2953 2391
2214 2396
181 1980
208 1354
2527 2973
400 169
1425 2995
1321 2775
2596 2397
2812 1594
21 399
2611 1229
1041 223
1186 481
361 1945
1357 2673
2559 673
2926 2923
1951 2312
2000 1609
1969 2853
1593 1109
1883 2530
2365 2861
2515 161
2795 955
551 569
1421 2251
1657 1291
596 941
1273 1569
673 2140
41 947
985 613
1863 431
949 772
2559 863
2313 2416
439 1167
1001 530
2641 977
339 46
466 169
2791 889
1909 13
1375 1065
1684 2881
865 2068
2539 1895
2093 2097
1027 1051
49 7
1476 1432
1063 2449
1328 1865
673 2641
1516 1897
1921 541
1999 1041
1991 1627
991 2731
2037 2969
1795 2414
1449 2937
487 2054
113 2685
2258 169
2081 1361
627 241
2973 1489
446 917
2671 2518
1927 487
1897 1144
1023 126
2911 1515
2941 1125
937 2257
463 295
1657 1225
1140 2241
2030 591
795 2873
2551 2161
1801 1531
367 553
2452 1121
2169 1165
472 2517
1341 49
2914 2589
1351 2945
2945 361
1671 1698
874 2033
1417 2817
893 2985
2918 926
2737 2521
2938 1879
697 892
1657 2497
501 1735
1276 1669
1877 2639
1465 2985
2326 2841
1945 661
2131 1041
1765 232
907 2193
1651 31
1851 691
2856 961
2869 1182
1520 1126
397 849
187 2721
1228 2873
730 2276
948 73
2741 1501
2921 655
671 2860
508 2693
2550 1117
892 217
2102 34
562 441
1207 1185
1561 1061
291 2276
865 2879
1993 1276
31 2421
1306 2081
755 1413
601 2696
2641 1827
2085 1265
2513 2705
1726 1145
271 2563
1876 2997
31 1801
1213 1325
1761 715
367 2827
1000 2737
2811 1
2428 2161
111 2376
1625 2025
441 2380
2833 1569
115 1501
1889 1501
909 441
1501 1849
1027 1951
1471 1452
2815 1892
1249 1301
1001 2113
1774 1992
2611 1576
201 603
1101 1333
420 2331
1417 2841
1197 993
2335 338
2392 2461
2005 949
559 2869
2661 2611
2185 2451
2625 181
1336 2841
959 1813
2015 1946
2155 793
770 62
1 1793
337 370
469 182
71 199
2761 664
2611 633
415 1808
2829 1777
746 313
889 1753
2213 2056
2075 557
33 1336
1165 2513
241 1792
241 1417
2893 1562
1201 859
1841 1915
49 2733
1729 1345
2621 1165
2209 1557
1351 2511
405 2763
1837 71
2056 981
2601 901
150 450
473 13
1401 553
2206 1321
1890 1781
949 1356
184 2969
2386 1902
1963 763
2977 802
2351 831
2857 2858
197 2651
337 2145
2281 2025
1501 2893
1921 441
2035 469
889 961
465 2937
1936 1729
719 985
549 1084
244 1248
1858 1597
2521 2631
1345 981
1306 2853
2641 729
1433 212
1029 1051
2465 193
2905 923
2605 2984
2405 1187
1009 2120
1849 2055
1876 404
451 2861
2047 379
1969 830
1549 2402
1006 1380
1753 1886
353 1651
1427 1132
121 1135
2444 649
2812 2417
1561 1801
1777 1549
1179 2449
1951 1061
1593 961
1885 301
486 298
1876 2627
1611 556
1555 281
1546 196
1534 157
802 2959
2311 1926
1351 961
2794 1053
2506 2294
737 840
2713 2459
2201 1876
1164 1776
1381 2196
2341 901
1117 2281
2596 59
2121 2825
457 1270
2293 2401
1903 1735
810 151
2731 1321
1792 761
1639 2674
2593 2994
2261 2624
1513 2093
2099 1249
511 1873
2357 17
841 115
2457 58
751 851
1791 451
371 2575
1652 571
569 711
663 85
1743 1093
715 1159
1862 1511
2753 2785
1385 2050
1 1220
2296 234
394 1661
2376 1721
1111 661
2325 2997
2877 2041
631 1126
1739 2875
25 601
897 1681
2513 2497
1577 2023
1792 1943
321 646
2633 41
2641 6
2086 1384
2141 1051
1855 1457
1036 52
2081 1592
2512 1749
324 2551
573 284
1199 1673
2059 2521
1130 1293
2541 1225
2200 2665
1077 2035
2569 121
1465 661
1217 1817
585 1177
1201 2286
1456 385
1687 2701
1213 298
1801 1177
2631 1717
2251 2229
1671 1001
2281 2201
1284 395
2176 216
1555 203
2858 1897
1341 2311
2761 441
1381 2131
1198 151
1995 1145
2711 365
448 757
149 2201
1189 1417
90 898
1 459
2095 336
337 1917
801 865
859 1903
890 2692
1627 2206
2346 561
386 2047
16 2297
2992 2161
2609 2251
809 2290
1927 2049
1761 1093
2276 1021
1859 1396
2585 561
1917 985
184 1837
2041 2381
292 2088
2907 2101
921 881
2266 470
1108 1357
1585 1216
2970 296
1521 191
1609 2180
2881 2267
2042 1393
1609 612
127 565
1355 2233
1621 1001
1801 2941
1651 427
119 1509
1162 1837
1201 2681
2281 1012
1549 2675
1873 2659
1138 134
21 1178
2029 1585
541 1029
2701 2464
499 1081
2909 2193
1977 2601
21 979
2167 724
2656 1849
67 1801
2061 1885
1281 149
2681 782
1341 1771
1430 1681
1813 2831
1873 2989
1707 1401
2803 2679
116 1634
1924 1602
121 2401
141 1390
1391 504
2872 1023
2203 1856
1969 1001
1319 981
1401 2711
245 493
1012 737
2476 492
1637 1807
1636 2065
1009 2326
853 1241
1651 251
1081 2137
1625 1226
707 929
2321 2951
1511 1041
1721 31
2473 2497
1321 1019
2193 2806
1153 445
2614 2779
1901 2701
1 1817
2616 1181
1531 2450
223 2271
1321 2481
2419 691
614 553
1591 815
669 2827
942 376
259 2405
1147 2451
1531 2671
565 764
1097 1446
1385 307
2461 1984
526 851
1414 1065
2361 2481
2065 1221
1528 613
2529 1838
1894 991
1153 1449
612 2775
1565 2065
150 1351
1535 451
445 2233
2355 1007
2329 1933
245 2890
411 49
2521 33
750 1993
1157 2951
1 969
2081 1112
1678 1900
206 209
89 2401
1930 2896
2149 151
2371 2276
2193 1403
893 1
1377 26
1255 1309
1891 1
963 2617
811 1603
1167 2767
1993 1923
234 1433
1705 997
1237 465
2681 2739
151 472
2041 2521
157 2788
856 2491
1588 193
555 1145
1681 323
2081 1473
1017 1741
1622 2547
2233 2896
2981 784
2167 2851
2709 479
1389 2461
2331 1440
814 2515
1715 1521
304 2287
319 497
2905 793
1623 1087
1270 825
271 1708
553 97
505 2723
961 499
601 1021
443 2041
730 949
276 1317
1676 389
241 2869
1345 493
2774 604
201 229
1161 2809
943 217
2021 2824
2857 2369
2542 1801
1 1909
461 1289
147 1349
1058 889
373 1393
1009 2351
2026 1141
1285 937
1665 1401
204 1115
391 697
2641 1601
1673 1681
97 429
2171 278
2055 2884
1201 541
2432 2028
701 2779
871 2653
1711 637
754 985
1761 2584
1351 1309
697 2721
1179 2509
2357 460
977 1281
2461 509
1777 2929
2473 793
2535 1297
2478 2095
2497 621
1561 2441
751 1739
1585 1363
2915 2406
1661 2296
421 41
471 660
2856 2701
2641 2785
1871 1600
481 2185
181 454
1607 1987
1086 421
679 973
1051 198
1705 1240
114 1181
2479 598
1253 1009
1305 2285
1101000000100001010001001000110000100011100110100000000000001010001011111001010001000001010000000011