3000 5000
1601 2789
2041 202
1296 2197
2397 861
2573 2261
2441 451
1586 2866
1201 751
241 775
2269 645
2161 1
1281 1355
905 2586
2515 1805
1129 1771
2105 1975
250 15
2509 1825
1801 777
1425 1537
2033 1926
1188 1149
103 1196
601 921
1603 1209
1117 2281
545 2761
375 756
1393 1981
1085 1279
2776 1333
475 1
2699 40
2078 89
2731 1751
1657 1221
1015 721
586 391
1705 97
2390 2676
2876 1166
289 781
1018 2726
1078 1489
1864 881
1489 769
2461 1984
20 2433
2461 2275
310 1225
2521 1795
1457 1777
1663 484
1678 1233
659 2651
827 1943
921 520
2863 1513
2935 2497
409 2052
976 193
2401 2340
2281 1933
460 1429
1403 1492
2796 1747
2608 2116
1096 1706
2585 1935
2297 994
1351 919
2119 586
2836 1729
281 1743
2222 1801
2523 2876
1729 981
2625 1933
1066 1429
2313 1009
514 2370
622 2451
860 673
1453 1671
1413 15
2921 181
1581 2593
1057 2545
2554 612
2001 537
1569 2257
1441 1299
2821 2281
545 361
707 1433
2516 1957
96 2281
1673 1357
1591 497
2806 2226
1411 909
347 61
2755 553
1671 1975
241 1555
2921 2161
253 1701
2589 2176
2501 298
1131 481
1247 226
2929 2452
2461 1286
2963 451
2796 294
1319 1
2893 1217
1693 2026
301 2401
2017 871
1756 633
2964 625
2449 2939
1301 431
2083 169
529 2941
1585 1249
2697 913
1901 1241
461 2782
2941 2021
2464 2845
2252 2095
961 1630
1789 1246
2052 1200
1425 1377
141 1036
851 1001
2341 1779
1671 952
708 1043
1981 1372
1929 1291
2551 136
2026 2841
2471 127
1243 2801
7 1125
1986 73
1579 2329
2511 205
2889 1345
2036 2971
1561 851
1876 121
2476 1
576 2035
1250 2818
2443 2153
1649 2741
361 2237
2475 2125
2471 411
1746 443
1001 2362
617 881
2387 2157
1081 2914
2317 2081
1229 1653
121 1841
1249 151
804 2926
1501 646
380 2047
2881 1550
2876 1293
1157 1063
677 1128
2181 1433
1201 451
513 2263
496 1421
1421 2567
1188 1540
1779 1339
1501 2367
2495 2941
1791 2853
2269 2144
2261 821
2362 2815
1473 2279
1720 2111
347 583
2845 1281
1220 322
1601 2446
2721 223
1591 2239
1525 2656
1447 433
569 2796
2905 982
2419 297
1747 2281
1113 1507
1964 385
741 1717
1237 2985
208 2290
2239 1481
1833 2596
559 665
1270 919
2041 2596
2673 1813
2361 213
2013 270
2123 2719
2896 226
1201 1561
1683 1561
901 1486
2426 835
787 1945
1781 1897
1027 319
2916 514
536 1303
2431 431
1189 2341
2890 2901
271 1929
223 2665
2731 1741
846 2701
2521 366
2881 741
217 457
2077 2041
2281 1585
898 534
586 613
270 137
1 939
11 1405
1398 982
2291 1082
1026 1013
2105 1526
2057 529
1537 1441
1802 2011
1306 413
1777 1308
319 2161
1612 1093
2611 2074
2305 2649
211 1841
2271 1573
2961 2446
1702 716
851 2645
2748 2555
1756 2805
2371 1001
2770 2773
1051 1071
1153 177
446 1165
596 1355
2924 1593
226 1144
705 565
2281 1481
2612 2191
801 216
2262 1225
667 1900
2443 2256
2433 1380
1761 871
2241 2988
2641 1993
1988 2089
1084 1738
724 1947
301 547
821 151
2021 253
806 465
198 2607
1323 415
1453 1646
2635 1
1969 1553
534 742
991 307
964 2441
1408 2256
658 2401
157 2617
2646 2027
1615 2993
1790 492
2673 833
1642 1291
2212 1901
2139 857
81 2317
1207 2266
445 1825
2097 1844
226 981
2618 475
1876 1039
2017 1209
1115 1924
2004 1210
1404 2437
821 960
641 2520
2087 1070
41 2149
952 2286
476 2788
157 502
1169 1562
871 2137
1321 321
301 2473
1170 1874
2413 2645
1513 1505
1399 1291
107 613
1260 497
1867 754
2540 781
1297 842
1443 989
423 1721
1329 531
2495 2057
1297 1721
2334 2095
2431 1985
281 484
1153 2792
1131 1501
301 26
1357 2196
2098 2955
271 1381
772 193
472 2035
1623 289
1009 2973
1525 2817
1534 2005
379 2625
2726 223
513 2553
2153 1753
1751 1741
551 728
2961 1369
1586 2397
2264 90
2701 738
1006 877
2605 2809
2139 1379
181 49
2341 2017
2724 2941
2981 2103
113 587
427 788
941 1153
14 1689
2465 75
2626 2221
2665 2688
1873 519
681 2195
673 2737
2447 2241
457 84
1579 1291
867 34
1084 1006
1291 467
1281 1072
2841 2596
2716 297
2273 2669
346 1161
2483 1594
2985 1835
2881 1453
951 1981
1221 2407
2323 1247
136 2781
1951 2461
811 1953
1882 1875
2720 2490
1686 247
1665 2036
25 1273
641 1977
1791 2091
2091 801
2164 1441
1376 2330
2251 2981
590 129
1545 1708
2569 1794
1629 2227
2273 838
1486 1219
2182 1616
2143 985
511 2641
2272 825
2998 1167
2200 961
493 950
1369 578
575 2086
1567 2409
1455 829
2221 1133
1917 1873
1671 2836
1479 1898
19 2625
2921 2763
105 1876
333 2125
2911 1137
1391 1305
369 1985
2467 679
1401 1113
700 59
1145 1976
1317 1237
2857 1882
925 105
91 2553
721 1615
2943 2281
139 936
421 2842
1255 218
2113 1381
2657 744
2556 2215
2138 1036
2739 1981
1657 2905
517 1501
1396 685
2491 2337
449 1921
2497 682
985 2382
1010 688
1615 2626
2712 1813
2048 539
2253 2633
1621 2956
2272 2035
517 537
1137 1881
261 1738
1103 1468
1969 86
1651 235
692 2197
1441 751
2441 325
1867 2787
2841 1682
2854 2351
848 643
2125 1532
1921 2541
727 1393
1093 1076
2287 1698
1369 2463
361 755
1357 2616
86 835
2604 424
2365 2865
238 2233
1159 1180
2628 2676
2789 2081
1639 2947
931 2459
501 243
901 2362
2977 412
1966 2300
770 2336
2833 31
81 2563
2787 1921
146 2777
149 1113
1096 115
669 2227
951 1801
1072 1601
2261 697
616 2675
1 479
145 2701
787 1355
2377 301
2401 919
2857 56
1372 2509
2911 2776
1215 2549
1327 2553
1483 925
1976 1455
2575 1610
2821 2385
1050 2026
31 1051
1161 2454
198 247
805 1755
2650 337
785 2164
2521 98
2215 37
1741 2691
1579 365
1701 837
1726 2726
2873 1247
2299 942
995 1893
423 2689
1945 521
457 2596
1761 2347
1222 460
631 1060
2128 1201
397 361
172 1441
712 2245
1753 1669
781 1639
1330 2425
1156 2771
2036 955
2614 62
79 2215
1067 1145
607 2221
1681 1743
2357 397
196 121
263 1776
2170 106
2929 2817
1947 2837
1550 1265
1707 2161
505 187
1081 2977
2961 756
2051 2455
769 567
470 1771
1282 1137
1465 2086
715 2081
1657 2443
1891 2201
2197 2461
2193 2321
115 2229
1144 2909
169 1361
563 2658
161 2809
171 1957
679 2821
2662 757
2365 2500
2686 1323
2336 1552
2620 949
2393 1321
2021 769
796 2011
2276 2869
2701 2721
833 1369
2761 769
2259 291
2054 2467
1 2125
2921 2185
217 589
1027 2611
768 1280
2861 1594
1786 2185
6 2017
1048 1891
1981 1402
2119 225
1360 1663
1279 2473
2537 1678
1918 429
2181 688
2941 535
2479 1757
726 811
871 49
1049 2866
2656 1159
2521 2441
184 233
2916 343
2161 1615
757 121
495 1813
123 499
2969 586
309 1308
407 34
2776 325
2560 1549
1039 185
1876 1291
211 1531
811 929
1561 853
1904 2205
2178 1730
2437 1747
2255 853
1679 1671
280 1786
1681 1335
888 793
289 1145
457 1653
1825 91
2770 2993
2386 1771
1319 1264
1041 921
2501 1455
261 976
2885 1761
2929 2347
2761 737
196 703
808 481
2165 811
1991 1355
2377 1072
165 2572
113 1281
2269 2481
829 368
2776 1970
1681 589
2569 917
1033 575
1975 2501
507 2757
1038 670
1129 2011
2323 121
2937 1881
959 1541
2049 1147
2247 1709
1603 2381
1153 2537
969 728
463 348
531 565
2751 877
1541 1069
928 1882
73 2129
1045 1921
1411 1601
2125 2626
1342 1222
1813 2569
1819 1
707 2161
1681 1792
868 1809
845 1093
2866 1401
276 1166
673 865
880 1301
1451 2833
149 1721
4 2429
229 1365
1345 1361
1046 1273
2241 1393
2002 1001
352 2473
1825 2039
2285 2251
2965 520
1753 729
707 229
2860 2131
703 1
876 1051
2001 501
313 1699
1651 2171
357 2248
2449 1095
1312 2791
2593 2311
1225 688
1548 1010
313 1164
2007 2770
605 2044
1204 1274
1037 2230
301 1289
2136 853
561 874
648 2225
561 161
1002 2493
2669 491
445 2697
2900 2961
2305 1621
305 2012
1508 33
2457 233
181 1663
1951 2659
1783 2189
2227 496
119 1512
441 2731
11 2726
1118 2181
354 2454
1270 766
2963 1001
2559 550
2320 2641
1176 2555
1625 2105
2551 2206
1889 2593
1713 2376
316 1616
2821 2995
2604 150
994 631
1115 2587
373 200
1498 1873
1155 1453
441 2957
1241 70
283 2637
481 286
2440 1673
1081 2669
121 811
217 836
451 403
160 2694
311 37
2707 329
661 1853
973 1989
1896 1401
213 717
527 225
1213 111
2793 1561
1102 2501
1113 1609
2657 748
2124 793
1185 857
2814 1315
731 1716
190 1336
2265 55
433 1567
1608 2329
2756 937
25 820
346 2899
432 2921
1189 826
985 409
139 25
1256 1513
1525 529
1707 801
2978 775
709 724
2916 715
2473 2001
2401 1676
1488 2676
2620 5
2667 893
2821 1191
2185 2443
2173 2143
2779 2649
2029 1536
779 1178
1103 433
2486 1071
1708 2829
256 2358
2358 2269
457 1441
731 729
2023 1754
481 673
317 2809
2161 1657
1201 2761
375 1809
401 2101
1411 2555
1237 2937
2689 1467
1199 2635
2008 303
561 401
617 101
961 677
1585 1318
2597 2545
901 2311
2346 2373
1522 1810
225 421
640 2891
2057 1396
367 1525
1939 1989
1294 766
649 1621
979 1309
715 2347
1833 1191
2497 706
1691 41
424 885
1102 19
614 1733
1096 1649
2317 2105
541 613
326 1123
1227 2182
33 233
1889 2247
1457 1049
2537 2317
1681 649
2044 791
2843 1197
1978 514
1247 721
145 871
1922 1383
537 979
877 29
2221 1756
2601 2101
217 1513
190 277
1226 837
1181 2172
2820 345
1193 2826
641 769
2961 2905
163 1516
1473 1753
225 2386
1201 1000
1711 1869
475 1294
661 2242
1995 628
1777 2422
2205 396
2839 991
2029 745
2043 2291
1419 401
1327 994
2411 2761
787 1809
1201 2929
2351 966
177 799
427 2941
1653 211
217 158
1789 2752
181 1729
1462 2548
413 1813
2189 1995
1472 1961
1689 1323
481 2425
847 1926
1549 1889
2826 2361
201 2353
2578 1873
1311 1176
2917 553
316 701
558 2161
1276 430
486 468
2671 1516
529 2669
2253 177
390 2955
238 2464
2248 895
755 247
2453 1165
1033 1585
1410 2810
641 488
991 1450
1041 351
2401 1465
2607 211
576 971
1981 1195
2179 2087
2901 2365
2465 421
271 226
705 502
1893 556
2657 88
649 493
61 141
172 2886
877 143
2406 1809
1825 441
1741 2017
2749 763
1841 286
131 1731
2037 721
751 2456
2353 290
1273 2401
239 1266
2659 1892
492 1414
1955 221
2089 579
493 2903
764 1678
1677 1336
2841 856
2572 1561
1291 931
887 1681
901 1211
2067 2416
1776 2007
1487 1436
2841 2480
346 1963
2921 2523
1267 305
961 2596
1677 1245
2087 499
1201 1249
184 237
2293 249
2501 1022
736 2983
1951 1677
1551 2990
835 1721
1921 1041
1571 481
39 2926
1561 1760
2410 2620
364 2242
2096 1141
889 585
435 281
1495 1262
1403 612
421 233
2721 1007
2551 2179
1331 2761
2680 2071
744 1238
2935 2317
277 1525
2428 2475
1056 121
1 2836
1089 841
888 2709
1 931
2916 1227
261 1347
1335 506
1593 1245
2506 2101
2382 1773
1854 1672
2081 937
591 1884
2752 1925
2421 1279
665 25
253 1100
999 505
999 1801
2151 2601
1321 2506
2293 997
876 1551
754 1761
1127 91
2708 2041
11 867
754 2449
1579 906
967 2460
821 2164
2289 1651
2319 2169
2369 1229
1759 803
2745 2481
1690 2625
1398 169
393 228
2161 499
1031 2965
1127 1881
1084 1081
2993 2881
789 1921
1764 2086
741 2128
916 709
2893 943
825 781
2341 1081
1139 2491
1589 2001
1011 715
1113 2673
2347 1966
703 2833
451 1708
1009 1091
937 2372
1421 2776
2269 457
673 891
1089 573
1933 2937
2909 2700
1401 265
2767 1819
881 693
1801 829
2512 1231
553 83
481 901
301 952
2713 1951
2107 2186
961 2191
2020 1926
2903 2261
1153 474
2162 1753
1483 659
607 1665
2521 2850
46 1825
1501 2056
1216 2053
2037 1195
2625 2959
2196 2443
2195 665
1771 1246
1105 2437
1573 37
2889 2041
885 1831
2233 1021
711 2537
1645 2017
2581 2173
1033 2971
236 2423
1841 961
100 1061
1261 2966
1625 2626
1873 2326
2289 2629
1621 1025
325 1387
761 2084
2185 2353
451 1381
1737 1201
1961 1854
1576 67
31 2094
1641 331
247 2062
1861 1623
951 1099
1460 562
1471 2937
2251 2607
409 2593
1673 2621
1021 655
2871 1588
1913 2613
1303 2196
13 85
2993 194
1011 2190
793 1590
1879 1201
733 2545
2886 2709
2380 261
2976 2881
2407 2986
370 865
553 744
2899 249
2062 17
1036 2775
2053 142
757 2841
136 1611
2613 2924
779 2242
1563 401
207 76
2600 1074
2221 325
2695 2311
2581 2974
121 277
2645 322
2298 2921
721 1011
512 1006
1393 43
1576 835
2581 2191
777 2012
2041 775
196 875
2476 1591
1963 2905
2947 2146
820 1321
1175 1921
1245 2359
1241 195
2291 161
1126 890
2139 2187
989 1897
2056 2611
2465 1741
1337 1257
2349 2071
721 2961
2588 2713
1321 1489
364 1545
1135 167
1733 2339
2641 1561
1501 1537
1911 2401
265 1640
993 783
2869 1166
53 1768
2959 811
1135 1309
1111 2194
2119 811
2326 312
1333 609
1 2997
1429 841
1825 2011
1693 991
2256 1877
2815 161
1913 1425
1931 2851
2411 1570
88 1501
43 343
2749 191
2401 2951
2929 2461
941 658
332 2737
2601 1453
1497 673
2302 1165
1333 2477
799 61
31 1161
1933 1858
1826 2141
1156 841
894 401
589 2730
271 2785
845 2581
981 211
2791 2263
525 1791
2501 1633
261 364
1451 1494
433 1801
2417 2133
586 793
2761 2352
1081 948
2173 799
2297 1537
1298 2079
451 2761
2069 127
921 797
2666 1905
1277 505
2824 1234
2841 2196
2198 503
1881 2081
451 2483
1198 2201
101 2154
319 2906
1176 1605
683 1813
1621 1361
712 2473
817 1519
2422 2770
1197 1837
2089 1215
1361 2545
1291 2634
1326 1572
2145 1961
1288 1276
1921 1420
1401 2381
25 2157
1549 597
603 2959
2781 1807
26 1489
1651 1
1026 2809
1498 1
1654 2277
471 625
2929 1814
274 619
2130 1247
2131 95
301 2321
1969 1669
2442 1141
1796 1681
1561 2001
2974 2317
1644 1033
2137 149
2206 1949
2701 2739
1161 1609
1960 876
934 2118
2457 2326
2857 2841
239 2431
1669 2636
268 1417
1337 779
303 497
397 2751
79 598
971 2494
2185 1461
2641 1129
2601 1577
821 1111
1153 610
2870 2441
701 1225
2936 2126
1921 2673
2867 2977
617 301
409 1324
1781 2506
1541 2755
934 2475
1192 2425
2388 697
2416 1602
2169 349
1476 133
2901 2809
2776 2518
189 2965
2476 1289
721 1201
1961 761
2317 961
2083 180
991 2781
1696 193
606 1156
1812 2451
1593 1181
137 1780
924 2791
1501 611
451 209
233 481
265 2635
301 1000
1372 441
841 2052
2445 1831
2116 2866
2641 319
693 1001
1132 1789
642 681
1801 1171
1891 1275
2623 809
1186 1051
1636 1129
2425 1260
1918 1749
124 1315
619 217
151 21
1517 361
2976 209
2041 2336
1651 2791
827 1318
2595 480
523 2389
601 1069
1455 2579
1811 1886
2801 2451
1881 1162
1847 269
1489 1445
151 2140
286 681
673 2871
2119 376
1621 1029
121 2140
1381 2299
1403 169
989 1073
2767 2172
2113 2324
2401 1864
430 1776
826 1753
2257 166
2748 2984
1817 2119
661 2720
442 2263
2795 1693
2976 1121
1209 2411
265 1177
571 211
2517 793
1081 1729
1951 791
2971 1000
985 52
2482 689
397 457
1345 1561
1921 25
2601 2251
2198 1689
2623 2537
1866 2361
85 523
1645 1801
834 1647
720 1175
2419 357
1681 181
211 305
833 887
1985 1468
910 301
713 153
627 921
343 2341
2301 604
1181 1945
2553 1489
2509 2581
2013 1689
1703 1694
1849 519
1801 2683
2106 2676
2023 2073
2785 1309
42 2305
1133 511
1201 1957
1828 103
1671 2590
343 1555
271 146
1738 916
625 1915
2222 1537
290 1626
655 833
2315 1389
2035 275
2845 2145
931 1372
110 2449
975 1271
1929 353
772 1906
961 2933
190 1861
1603 1475
2787 2191
12 201
889 1126
907 2849
2059 1559
1395 1741
957 201
267 1656
2676 1316
1313 1864
2031 2376
2289 2371
2629 841
2409 2970
805 551
161 2593
1801 2501
2631 1833
1133 574
2305 2539
2191 2416
2066 673
856 1567
2341 2582
566 2539
2920 1561
1956 1584
1921 1207
2833 942
591 2506
1391 975
689 2753
1229 2506
1609 2321
1477 1371
316 2284
2647 2215
2137 2590
2401 2365
661 1381
1121 922
1601 1317
907 2557
609 2149
2226 547
2585 2596
1939 486
2613 2993
2089 2098
841 593
1873 2068
2145 101
35 1602
639 2101
1705 1959
657 1407
1076 2001
2617 817
1543 2621
2233 1729
2141 2101
635 2521
2407 1876
880 2737
42 2296
2321 1795
1541 1043
755 289
2149 2505
1417 2308
1603 433
1436 529
265 371
2193 705
1339 348
1471 2716
2791 78
2445 1488
1741 2241
2301 1665
176 1521
481 1809
89 2935
1009 713
1961 345
463 2176
2446 2521
427 1091
1 1801
2357 1361
1781 1861
1905 2970
2381 1441
2116 2275
2381 849
1091 2725
1817 2339
2593 1228
2653 641
2413 2362
2305 1023
1717 2116
1171 645
1795 1560
1801 1658
355 745
2209 2816
346 2383
1261 1315
220 645
802 2791
2033 563
1489 2380
275 561
1753 1492
1417 2200
2326 1798
1206 2153
2554 1177
1315 1486
2473 721
2649 2673
775 485
2281 1213
1089 1394
1832 2841
361 1342
1453 931
1887 1563
1526 1508
1045 810
1821 281
786 1573
1961 388
1041 2665
1449 127
1537 1561
1713 1951
607 2077
2721 337
1765 1999
2257 1128
2796 1632
1475 497
1825 2966
1831 2269
371 2949
493 2281
1714 2276
2677 2226
2971 2361
2681 265
1071 696
1467 2122
471 199
857 43
555 1663
1913 2182
1736 1855
2206 826
761 559
461 1473
2287 1855
33 2013
831 181
335 1801
1487 2026
2270 1513
1030 157
61 601
817 2616
1201 249
1833 2101
883 1624
1771 2718
2455 751
1975 301
209 1465
1245 277
226 529
1086 427
1737 1701
1621 1915
2035 2689
481 1525
2991 1742
329 1627
1441 1
1385 1461
2593 1451
2071 2753
2555 2947
1375 2122
1403 2769
1369 2016
389 1590
1426 1345
553 153
2518 761
2656 1727
113 1657
1 517
516 751
224 514
821 1498
2620 1
1747 1081
2323 2545
2801 1431
97 1083
1851 2180
2449 221
1051 2887
539 2317
2685 729
595 2431
945 1015
1735 820
2779 225
1951 497
1505 2046
2657 1657
433 250
1501 353
2969 2783
1696 721
2712 577
2641 2821
2019 1769
2676 901
1931 1501
2893 1142
286 946
2771 919
1111 2241
289 1917
2030 2151
813 2701
1568 1866
2721 1651
634 410
2041 729
1657 666
629 2482
2917 913
508 2383
2228 1551
1471 301
1541 1249
2273 121
1624 478
1489 2977
2519 241
2201 1481
1495 2321
1285 748
1921 396
1011 1756
401 2516
1804 1705
1351 1313
2778 2469
2098 1953
855 321
268 1969
2593 2401
2989 796
1593 2077
2757 2762
2401 2177
2248 2318
729 2081
2616 2873
2571 1361
1882 97
523 2537
2837 1596
301 1933
1894 1698
2746 1253
2780 481
451 1685
1471 1618
1722 2727
563 255
661 1551
2836 253
2972 2285
2796 397
1729 537
2826 2416
1617 1497
400 823
811 561
265 889
1416 829
2701 1089
1253 2697
705 4
2441 721
561 2197
2427 2607
2201 1213
1489 841
2657 709
2806 2921
1567 2021
517 2329
1068 2926
283 2890
1676 2431
31 1273
241 1189
851 1389
2165 2917
1345 481
2821 1114
2841 1873
1207 589
1924 2876
2291 841
2941 294
1821 2281
1496 70
1361 2002
641 419
751 2179
758 441
1516 551
994 1777
2777 2508
2532 1537
1249 2731
1877 2057
1849 1547
647 796
1001 369
302 1036
1297 2059
451 2905
1132 2342
61 2441
169 981
2029 1381
1721 61
1167 2421
1329 277
2501 2728
1187 1575
724 2459
1801 1739
67 777
2617 1265
2512 2551
223 593
2575 1813
671 2126
587 2656
409 184
1169 2177
1265 197
825 2293
2029 2479
2332 666
431 1451
1258 1813
2068 1889
1209 2021
658 67
2900 505
1441 621
1225 1597
732 751
2449 925
2563 2417
677 2185
1357 2787
1934 2518
73 883
2667 1801
2321 1171
1601 1776
2167 433
193 2476
1786 320
1447 201
1847 2882
2089 2711
1193 316
1969 313
2197 1767
2521 1745
1960 1035
1041 1349
856 2101
2581 2131
897 2776
745 1474
2931 736
1714 1374
2899 553
901 1761
421 25
1741 1962
1540 2366
880 2257
877 1383
1547 1273
864 673
571 2251
2151 1936
782 2831
2059 1525
1407 241
2569 1066
2857 49
1489 2775
235 1037
2161 1101
1861 663
521 475
1187 601
2486 2040
2185 2950
455 481
334 129
1333 1681
1393 1324
433 2200
2270 446
2181 26
914 2595
2629 752
2961 2007
1966 541
28 2773
457 1253
2001 2836
1333 713
1438 129
1545 1513
2391 1673
2242 1865
1636 2624
171 1937
1843 1951
541 49
778 2929
1657 2037
73 241
2881 2356
403 631
869 2755
2251 2767
1220 1561
697 2089
2866 2951
2133 817
2764 995
766 71
2761 1585
693 1961
931 2812
2423 1708
2738 397
1712 2241
2035 1363
513 1141
2836 2311
2411 497
761 757
821 1963
2565 1769
2877 2013
603 2689
241 757
375 1931
1983 698
873 79
946 841
2121 2125
2953 327
1401 974
243 2596
1015 292
1000 1531
940 2057
666 2643
210 2901
1653 1609
527 2796
2913 2623
2779 917
615 409
617 874
2184 1148
173 1137
2207 1139
1294 1114
2761 839
61 710
2129 1336
777 2297
2083 1596
2841 849
2047 973
2749 745
1236 1622
1057 2011
2971 2756
2025 1109
1337 289
2866 2181
345 894
1573 957
2641 1251
1729 1361
2671 349
2311 445
2231 2586
2409 807
1441 856
2017 1063
364 717
599 115
1223 1076
2739 2419
2340 553
2713 793
2305 720
1133 871
169 1103
1771 746
399 2475
1751 1824
1551 1575
1270 2953
241 915
2417 1929
706 1737
683 1269
1396 2339
847 1382
729 1390
1193 1327
1460 1737
101 2701
114 25
2068 1331
751 1753
376 673
2137 2485
2691 1667
2608 112
2641 2201
187 873
1137 1677
2941 385
894 391
417 647
2776 289
2560 2425
565 1425
1465 2214
400 2695
1271 1627
67 316
2836 113
1744 622
613 503
1 889
1456 1847
579 2101
767 2185
2521 625
1011 1063
1913 1489
1674 2113
2581 341
211 1370
1651 671
2627 2701
1001 1267
1645 2855
1081 1819
457 154
2753 2681
776 2785
1166 2745
775 705
1978 1532
314 73
2221 2113
1149 2201
1529 541
661 2892
2197 355
1766 2983
2129 1273
432 2509
2205 124
1673 2548
721 2196
547 529
1642 2869
862 1359
1005 1692
2076 1068
2722 739
2047 1820
2905 961
2475 969
2623 1017
1501 739
1259 343
1381 715
623 2261
2961 1933
1456 2365
1246 1025
339 2071
2633 225
379 1427
1933 2621
1426 223
1421 2233
1324 2451
2721 2857
1501 2305
1625 1936
2100 2556
557 329
1381 153
427 772
1495 1001
2757 717
1225 1849
1621 2974
2526 685
705 2991
2305 1294
1381 946
1271 2581
2972 1513
2269 769
1941 2248
647 2251
1881 1112
2043 2015
1865 2241
2338 1697
1234 2586
2841 1426
1414 109
2701 1361
994 1953
785 2703
2483 51
985 83
1379 31
440 2641
1498 1393
48 1025
2263 1721
2761 2725
271 2401
2901 358
1719 1978
2521 2934
2437 2001
877 361
1341 1039
498 1948
2181 1501
2225 858
299 745
1117 2401
885 151
1966 1753
2271 157
457 259
2965 1699
163 1276
2941 75
1027 433
732 283
2215 505
1169 2969
1234 2185
2069 393
899 1291
115 643
2731 2326
2239 1144
661 936
1452 1798
241 817
1689 849
931 587
2345 1171
2026 2036
151 1737
273 1701
1113 2555
1236 1129
2941 1751
979 1805
937 2966
98 681
1681 1429
28 1021
1396 2974
2371 2701
247 1737
776 1561
2815 225
441 439
1621 2473
2611 841
2726 1081
1769 1530
289 2870
606 1431
985 226
2963 121
500 1311
1729 2111
1455 910
2051 449
1574 2837
2458 2837
1505 1321
393 2317
2287 2621
813 731
2545 1550
2873 2428
586 1469
256 1732
2209 2769
373 1851
2551 2115
1564 289
427 1273
1229 2276
2793 2051
2467 565
1431 1739
2675 1036
1156 1757
2947 591
2236 2965
2421 370
2409 2067
1096 101
851 2869
2101 397
247 1701
1641 1765
1885 1668
2161 373
2101 2205
1199 1621
1655 819
2494 2362
2141 1275
716 1301
1661 2601
489 2361
1089 2827
1680 1177
2605 2380
601 2141
405 1177
2145 2907
36 166
301 533
352 2006
2190 1762
462 279
2359 1941
1533 2015
2754 1146
2097 39
1290 2544
2485 1723
509 791
2217 25
282 538
2119 2257
1033 2401
336 701
681 1621
2089 2751
190 849
251 2997
583 2343
1630 996
1081 2575
586 2839
982 2626
946 2415
2777 1158
1451 1534
2461 2371
241 1853
577 1293
236 2776
503 2971
1924 2401
553 835
2485 2209
2239 2045
2845 625
136 2203
2301 214
73 2581
945 2785
1741 2433
2427 474
2766 1597
41 1817
457 841
365 269
2851 2991
2985 2344
215 1991
2325 1609
159 241
100 2941
1789 1981
2776 1901
1297 2271
199 776
1897 1601
1821 1228
761 923
2095 2506
721 811
709 657
781 1625
769 2077
117 421
1954 689
2884 2278
2017 1873
481 1999
1664 881
189 1901
2554 81
2331 447
667 2747
201 1195
1876 2641
571 288
2755 1096
531 2999
2641 441
1097 1261
368 1537
1165 2845
526 2485
1389 633
66 1501
2365 2718
901 1681
2021 2561
2949 193
233 1033
1601 1225
137 551
2324 1776
987 56
2209 173
565 965
97 1524
2038 937
2990 1808
2561 1021
2883 2881
2807 2932
901 967
2423 2627
2041 1201
2546 2566
2449 2825
1981 137
1254 2704
2755 1413
1975 2266
1921 2577
526 1255
1911 2833
2155 2841
1522 1081
1391 1597
2411 865
416 46
1381 1117
2507 2521
2481 1296
2501 2221
2041 2601
1057 1479
2067 2905
1213 627
2295 2026
1097 21
762 2374
748 2653
701 1661
2699 1009
451 1301
83 1441
634 2169
2527 819
201 151
713 1540
1141 281
281 2156
205 1358
2525 289
138 307
990 961
794 1423
115 2461
753 2653
2287 2986
2233 2169
2213 1207
486 674
2756 241
191 70
601 2365
721 1641
1946 2305
1241 2765
797 1969
1177 670
1525 2821
2725 862
2701 1897
257 1651
997 201
1921 298
2629 2518
2365 2222
1745 1
1576 2452
2188 1693
1157 1145
1801 1639
2576 1895
1049 17
1 899
2785 1889
331 580
633 2398
2521 2944
1921 337
1081 741
929 1849
661 403
1190 2641
2521 1293
2959 1966
2851 195
637 1646
371 2851
2525 180
2521 1000
1975 2022
1891 1569
85 1219
761 1651
1225 1795
2738 673
1231 2779
1187 2266
1409 2455
589 2590
1060 31
1121 2836
2641 2761
905 962
1823 1861
1123 141
1709 2740
2401 2749
2658 1033
1378 109
165 1299
272 1182
1261 1937
71 2674
1036 1945
1564 2785
2877 931
531 2651
938 1929
245 1939
2501 1201
1111 697
2103 1247
2688 1363
181 2419
1927 1249
2089 952
2981 1273
1343 2281
1762 445
2711 2476
1289 2585
1237 1551
2366 521
2830 2586
1951 1926
2528 2437
529 1518
1556 2791
2905 1058
1855 1526
1511 916
1513 1057
2561 2373
2401 2311
1732 2185
1705 876
2313 889
1401 751
678 2197
1603 666
1643 401
697 2433
2762 1089
1561 877
2704 1429
1101 329
2025 2469
2365 481
2161 2301
2383 2282
790 613
2401 471
282 1151
2163 2065
157 2065
1021 1539
1801 2785
414 133
2626 2557
1285 951
1837 1977
1671 2186
2127 15
2257 1729
1057 1026
1657 700
897 677
847 2453
951 1996
2844 1201
319 1481
1399 1366
2649 747
2709 1286
1201 2281
2853 222
1351 1649
291 2089
1574 2487
55 865
1035 1981
2689 1426
2767 405
2757 595
1726 1465
382 769
1771 1049
2251 2269
211 2750
2035 1762
1890 341
2665 553
1241 1822
55 2869
1027 1781
1419 2221
1637 1525
1537 2299
1762 2829
2266 1515
2149 1641
2551 1219
496 535
2037 2143
997 2836
599 1008
970 317
109 976
1065 1139
409 1611
1153 831
1201 1521
2860 866
1367 1345
1201 177
2776 1576
67 1598
1501 1219
497 204
2701 1492
2791 2548
313 1805
2219 1156
996 2033
2759 2681
2265 997
1636 2643
1513 2401
2301 21
633 2479
117 1257
1999 2361
49 1171
745 1126
2392 2805
2313 1951
865 1573
1219 1953
476 2041
2822 1093
1861 1437
66 1201
2830 559
51 1213
361 1897
2849 1336
1977 316
1957 2351
342 119
1073 981
814 895
515 2876
2845 2161
1217 2401
2237 1130
2659 138
963 1504
1459 2545
901 1219
2041 1738
2182 2713
2191 2185
2961 1357
709 1783
2626 31
2089 2776
967 865
2701 691
1758 2737
1849 1801
1185 1125
2383 2431
1897 147
393 971
734 2437
2538 223
2626 1035
1894 1481
2865 761
1543 697
2697 1881
1447 1121
485 1801
598 1993
2011 2853
1105 2531
569 1729
1381 2623
2887 126
1849 625
322 1337
2007 1785
2581 445
1513 596
2353 1295
1351 2151
2393 1783
1237 1207
2005 2113
2010 2149
817 2263
433 949
2657 945
1522 1246
1052 684
1045 1991
2033 2865
2628 2669
1825 17
2445 1005
1522 2625
2185 887
1553 1773
1411 1516
2641 2033
622 997
1753 2989
113 1267
374 419
1741 2549
841 2953
2533 1426
286 1936
641 1290
2857 33
1366 383
2376 1123
2527 2851
2649 2401
505 1577
1979 33
2225 1921
31 1296
1349 2557
1267 901
478 1201
2972 1699
1801 91
1117 1706
2011 874
1846 2869
2853 211
1001 266
1084 2791
2455 781
229 738
73 809
545 2068
881 2340
107 115
2717 2969
1439 1186
331 1141
267 208
1081 2122
942 2275
2431 2813
523 2236
473 2491
2237 1495
226 956
385 2209
952 1939
451 485
301 409
1694 2770
44 1081
2897 589
1600 1219
817 2201
20 73
1753 1543
463 993
431 430
913 349
2087 2193
1261 2569
145 2101
1891 1401
1459 2821
367 2951
1739 2566
1265 1351
307 601
941 1317
1683 1033
2129 1713
572 2594
1480 235
2045 1483
1840 2449
1783 77
185 2083
25 2431
1893 2362
343 2305
2551 558
977 1063
1937 1801
2511 2096
2301 2761
1003 2425
1786 1865
868 1241
2990 2626
727 2586
285 2097
776 2584
2438 1646
2158 2335
1255 2719
1141 2956
634 1845
1327 1651
2057 430
1145 2008
1699 2035
66 124
1769 2595
2351 2646
697 1393
2665 1903
1195 1822
721 1122
2641 1741
2887 2749
2355 513
79 329
1345 2221
529 2455
2173 2501
2881 129
2192 1489
1513 695
473 1156
1411 1537
956 2569
1378 1281
1649 501
1707 1451
2681 2465
1501 2686
2146 1081
1039 749
2978 265
1801 2922
1957 1309
1697 1753
2956 377
118 353
1609 1731
1980 1451
2478 1465
1094 2926
1801 1393
201 26
2911 1
2431 2131
1369 21
361 1417
289 371
1863 1502
1936 2865
1468 2921
1756 511
889 941
1111 2321
2135 1294
85 2765
601 1976
1137 49
2251 2155
1301 175
2699 871
299 2107
1340 983
2301 1045
2401 1873
2520 37
2379 1309
2091 901
2266 1645
1141 514
1615 859
311 2570
1657 493
2371 1741
2080 1078
874 2415
2532 2803
1921 2674
733 7
937 601
1651 2065
361 335
2767 1201
1053 536
1153 2421
2459 2477
765 409
793 2761
2615 251
662 669
243 151
1649 193
521 222
1266 145
1111 72
1335 2374
2224 1083
489 1103
2446 381
465 838
2631 139
2956 2887
2857 1421
917 1374
66 697
1207 353
251 1435
435 151
1021 1589
577 2727
2622 163
226 1369
1798 2951
56 617
2749 1838
2152 463
1054 1432
2581 2830
1961 2133
1005 1886
1876 1181
2839 2891
1449 1351
2563 401
1321 1601
1193 2841
1846 1308
2269 2985
2437 2373
1315 145
2155 1825
2597 2713
2343 457
2265 601
721 1378
1369 433
2940 929
1056 1517
579 345
2573 2881
2201 343
104 1815
1839 2013
2445 1383
2689 706
1520 2345
2366 1999
939 679
2883 1585
88 1909
685 2555
659 2801
1881 723
2101 2251
1393 81
2501 1507
265 209
2321 1861
2225 67
1391 545
2851 1471
2761 2686
2225 1347
387 1928
2725 2401
2362 2521
2087 2569
2893 1637
399 2017
825 49
30 1177
76 1561
121 1408
2963 345
2056 2701
829 1969
1201 116
831 361
2031 1651
979 1305
1209 121
2513 2499
22 2761
2284 1729
883 2446
601 2447
2661 2074
2326 1651
2801 1913
1057 2641
2424 1169
962 340
1213 2645
2216 461
81 1492
337 2305
2471 1642
631 1828
1113 2161
2764 1111
97 2691
2356 1681
311 1113
2011 95
28 337
2399 1907
2137 1276
1063 154
2621 1589
2736 2550
925 1160
1173 497
1077 2009
673 929
1232 1849
1063 1846
481 2842
1501 1405
2229 58
2050 2521
2645 881
1060 865
325 2101
1605 853
805 1352
665 1789
1066 2176
1873 2491
606 2131
265 1553
2763 854
849 1326
1441 55
2526 2729
2177 726
67 361
131 2731
1819 1812
2128 652
2681 1909
125 796
626 285
2566 2065
2724 1359
2142 865
2015 97
2779 2986
781 2047
1507 825
2831 486
1561 2056
2974 464
1326 2280
2353 565
176 1753
2373 2455
2441 1261
989 2629
1507 2965
2209 150
1713 364
1069 1201
2821 863
1586 1348
265 1081
1485 493
2056 61
1336 2443
541 1117
693 1923
2368 1731
2602 1702
33 856
2201 2449
1993 2997
1811 1965
838 2113
699 417
2277 1105
1463 2993
2086 1570
1626 808
956 2783
1969 817
1698 300
1145 766
309 1891
2619 2001
218 2143
215 205
573 2225
2006 531
1308 2911
2645 1681
55 1609
1600 520
1501 2333
2093 1765
865 2429
791 1518
451 583
2143 682
1321 55
2781 2605
1253 1457
1343 2853
409 173
511 1241
488 2041
301 1058
2401 571
715 2325
1219 2953
2665 401
2650 2100
640 277
329 2581
283 1947
1545 2389
1581 2767
1030 2767
1246 1597
763 966
2150 2489
1283 2162
2464 857
1807 2545
889 114
35 1121
1699 541
2685 65
1945 845
2941 361
1105 1009
2592 2737
508 1589
2794 2671
949 540
2853 17
301 1199
2245 312
1297 683
2716 1801
129 2425
751 2261
1461 461
2505 1761
443 1507
713 769
1893 115
2977 2681
1241 2955
809 180
1119 1153
2933 2073
1740 2369
505 2661
1541 2481
1285 1921
1114 164
2914 1003
907 2283
2614 550
492 309
2601 1169
1741 1361
2860 693
648 865
700 665
1900 596
199 2001
1223 1646
1393 193
2551 1015
2945 2065
615 2441
2269 2672
2960 1508
631 1401
61 2206
365 1591
422 1503
343 1558
2926 613
2370 211
389 766
2869 1261
280 301
625 397
2743 2020
1001 61
1401 325
2422 631
2227 2617
2609 2756
2449 145
271 2995
2647 337
301 2409
1969 2017
298 1688
1905 1351
1 769
1321 331
1591 2000
109 1001
1001 697
111 1002
1066 971
2304 601
1873 1577
1750 721
653 937
2526 2551
658 2822
2343 1669
1915 316
1229 2018
2131 2561
1741 1972
2641 564
124 2434
2215 421
1369 690
2329 1241
381 436
1789 811
1961 2719
1801 425
2821 529
1966 2657
1071 1041
2971 1192
2848 1327
1023 1609
2481 556
127 2661
2106 610
1260 1879
1765 2470
1369 1500
2701 2896
2577 1251
1601 2329
1108 646
2241 1101
883 1433
409 2869
610 1281
2272 274
1987 1476
2993 1116
453 2115
1951 97
1669 2431
1414 2083
637 2311
2535 241
2989 877
1523 326
1935 2665
980 2561
496 2881
1405 241
2281 1
788 1531
2425 2833
1618 211
1541 265
2348 1709
2181 1093
2066 1156
2986 627
1380 2706
1241 1329
1981 1377
933 769
701 2729
2041 601
29 2698
1901 1939
337 2251
2101 433
217 1593
1201 1228
2305 827
1585 1330
2950 2620
2909 2454
37 1003
1606 1495
1941 1595
411 1391
2977 1001
1845 2797
1681 2710
2599 2629
317 1377
275 1067
1933 2377
1577 1300
2977 1876
721 931
478 2638
1817 1976
2001 396
2677 1
1692 1276
2541 1993
173 2538
1574 1969
719 555
2011 2194
1137 884
867 2277
921 570
1201 550
601 751
1628 1765
1705 127
2389 976
1433 1301
1633 357
2482 1609
444 2833
2577 921
603 1795
2441 207
1765 1294
388 889
2904 2299
2369 949
259 2884
265 1149
1849 1721
178 1819
415 36
169 2181
2209 1951
957 185
847 2533
1636 1495
2105 1575
405 2602
2115 1414
1095 492
321 2173
2899 344
824 321
1 1941
259 565
2705 425
55 1375
925 2321
2744 1274
2281 2494
1705 947
1481 2841
2951 811
1329 2654
1828 2263
1081 1264
853 2381
126 865
2521 301
2161 2017
741 1981
400 481
2409 2212
1381 2435
2729 2775
613 2886
2101 177
2341 867
978 1238
322 661
2834 2305
1696 2485
1591 2881
1045 2264
1321 985
2912 2941
2753 2248
1361 1412
301 2973
1891 2197
98 2545
1465 2929
2542 657
1757 691
333 2011
575 769
881 1373
1713 2648
1069 43
807 1625
1720 2526
2863 681
1786 871
2836 1284
2029 192
2691 2644
151 775
729 401
1089 61
1006 2059
2861 1027
1867 649
1555 325
1585 1783
1081 1871
621 2713
1951 1645
1000 1789
409 709
181 2152
185 1732
1737 2161
2617 1366
964 2211
589 316
1309 2467
1001 2057
2647 663
700 2875
2093 1817
2184 1494
637 561
2377 2623
1181 1357
73 1021
2347 1802
777 2245
1045 2245
1840 2786
1766 485
2491 1027
2251 1921
2577 1501
241 2207
2081 955
1836 169
1489 2777
1933 577
1459 1351
151 2426
1526 951
2451 2115
163 96
2041 1101
2200 1811
1003 373
388 1709
2806 1241
1480 475
2503 1777
409 1563
1101 1421
2401 1761
2881 1757
977 481
1480 2917
1 1071
2224 379
1057 2273
2745 1806
609 2292
569 2808
689 1486
1779 2053
103 2623
2161 1081
2651 1771
1801 799
2201 697
889 1701
121 2083
34 1921
1873 946
569 2767
1106 2561
1801 1242
2788 1831
2122 829
484 2437
2957 1445
1780 1249
1371 2873
1765 841
1084 49
2100 1198
1653 1834
725 973
2821 2779
1126 1296
1462 2769
2136 2692
2049 196
1331 2401
2713 1561
1249 905
629 2481
409 811
446 969
2431 2977
2911 1569
1223 1777
861 1705
2401 1431
445 1921
2287 537
1081 571
1537 448
1802 2068
273 1429
13 1441
296 2047
350 211
181 2149
916 931
2391 1537
1837 1876
1445 1565
2976 589
523 2617
1095 2608
1886 355
1051 2506
2545 1427
165 1654
49 1579
2638 2432
1204 2919
1221 1289
501 1763
721 496
2011 2838
1689 996
2047 184
1732 1351
1775 753
225 442
2709 2890
2425 631
1972 247
691 2479
68 1481
2901 2948
60 2737
961 2469
1583 841
2553 1708
442 2451
2086 1543
2525 2643
639 1297
859 1781
953 2845
2053 2945
2501 21
1935 147
2683 1228
76 710
1261 1401
2365 1377
2981 1573
2425 589
1711 1714
463 2468
2971 173
1921 2797
1831 417
2766 2856
361 1390
1609 897
2083 2561
776 2611
785 1241
721 1951
2020 1601
1840 1001
2737 2791
1211 1153
2785 2373
2314 796
1448 1709
1151 1371
1881 1741
1491 23
1985 2821
2156 2845
1201 157
1797 1024
577 2376
2305 943
2677 1189
961 766
1210 861
1969 2311
2564 1726
611 367
2865 1105
2455 84
1736 2617
2329 2491
2622 1956
2901 261
1111 484
2613 961
2451 466
2982 1088
461 1504
2002 946
86 313
503 931
2201 673
2701 2993
1291 1381
1420 61
1321 2722
289 2251
505 1513
100 701
2868 2267
1447 1657
1753 1323
1427 1321
2177 1521
2147 2245
1345 476
1456 2800
1091 1591
959 1501
2032 1107
1003 660
246 1797
1974 646
181 1927
93 2003
583 2984
1105 2501
1841 1777
745 105
793 441
1894 1441
2991 301
1365 1351
4 337
2974 2809
2737 1005
1026 663
1453 1
2533 2191
2017 2138
309 1864
1763 2767
513 376
1863 13
601 1076
1 765
1762 1111
2953 1307
1129 2032
2419 2633
2232 1126
957 1121
955 97
2626 2443
2652 1461
2329 1321
871 2217
1265 1
1949 2897
433 1201
2753 2077
2119 2097
2060 1575
2146 1921
692 2725
763 1307
691 2713
2805 85
1981 2581
2437 2738
778 2751
769 549
740 1987
1573 2525
775 379
1461 1656
2301 2690
1273 305
1966 2861
1401 793
1441 733
2641 2748
2800 573
2101 2140
1169 760
304 1081
857 1651
2577 2956
1450 861
1115 2482
2504 913
898 2156
1121 449
1711 1819
2587 342
1221 2981
1693 2164
1721 1216
2503 721
2089 64
387 1022
1861 2276
1801 2872
325 481
593 881
1785 1445
122 2241
2500 281
841 1441
1828 1816
1585 1171
2945 2881
2146 1676
221 691
1756 1061
1801 1659
2707 2653
317 2621
17 1694
637 89
1081 2521
2756 2276
1353 637
2416 610
2849 801
1366 2413
418 609
2061 1973
916 172
1519 1785
2513 745
118 1859
966 2831
1341 2131
541 149
1893 2897
2222 878
1953 2221
2753 776
1285 1069
2961 85
421 473
334 1384
221 505
2766 1537
1621 656
1381 1249
1856 1121
967 559
1789 2201
521 2821
2885 1841
2473 2881
2233 1285
1307 2017
221 641
1191 1537
263 1945
692 1579
2689 2591
2006 865
2909 2554
1023 90
1504 2121
866 2737
2057 537
1881 2713
2101 832
776 919
1084 2351
1281 2249
2149 1343
665 2331
2551 2767
2791 2601
1921 356
1885 1261
1501 2580
1889 6
2027 1241
1069 2881
2866 323
2025 1885
1201 2601
1941 1961
2721 661
1857 808
1951 1101
55 1296
898 2569
85 1009
1924 1267
425 1462
856 2869
2577 2186
1129 1076
1745 2860
1009 1777
1428 2800
2437 387
1081 1123
416 445
2989 2361
1762 2657
51 2953
473 1507
1189 721
2851 1905
2884 241
1874 171
1231 891
701 1261
2806 1121
1653 2001
389 1561
364 1841
1797 1701
892 2526
1129 1759
342 1741
2641 1918
2213 2284
1573 2729
529 661
2749 1196
1585 2265
2530 328
2489 2819
202 2253
1498 2326
2437 2905
190 217
874 288
1219 2938
2305 1581
579 850
379 202
2961 1797
285 1701
2169 1625
2571 517
1749 1786
745 1561
1870 851
2293 2881
1776 781
1509 237
2849 1745
809 2358
2305 376
2669 401
1255 2367
979 2229
810 437
1597 982
2705 750
2327 2273
836 921
2509 2601
2109 751
1519 569
337 330
1225 69
1129 891
2243 1383
2347 2301
1399 1801
2571 721
822 1537
2939 2056
2905 1449
256 497
1393 1673
2386 1561
1849 2461
951 2329
541 1288
526 917
2086 1027
2209 505
601 2656
946 1531
31 2617
1819 1399
1431 2836
1001 2429
1724 937
476 1597
213 2449
2705 2391
1984 1852
125 935
1026 2794
97 2901
531 2341
2125 2510
1449 1717
1441 1545
1621 1093
2503 760
148 2701
967 2692
1168 1351
1301 1867
2535 2721
1117 2077
793 895
1604 925
2460 2090
841 2176
571 1301
2258 1765
801 1324
2401 1747
2038 1776
886 2641
781 2144
1726 2308
1331 2901
2811 2688
1772 2182
2161 271
249 1806
529 1993
2589 2838
2629 176
110 1585
1910 2536
1849 439
2265 2606
1423 1253
577 2653
2381 2576
2233 868
1209 2794
1501 357
2476 2306
361 2533
568 2836
2609 636
907 2051
529 1889
2145 1837
1457 1723
2144 643
1249 441
601 2081
2725 2993
1214 1896
2953 2548
606 1324
1687 1726
2524 355
1681 2369
1911 1009
243 2821
2031 978
1872 997
1737 1153
2441 100
251 2327
907 2677
2308 2383
1957 2722
1479 1341
1081 1606
2909 1105
2065 1606
1921 2353
33 1921
2068 454
781 1984
1806 612
991 1916
1760 1033
1043 1405
2717 1516
471 1365
173 305
1 2137
2748 865
601 107
2397 2241
1993 2727
670 1576
1526 487
131 1865
667 661
2671 303
1368 745
2025 1
913 1492
1377 1976
2029 1921
2350 2191
91 109
1209 1957
372 1501
2877 2501
2920 1687
1011 655
1266 1459
2545 409
57 631
1841 1570
2433 2201
2659 2113
1393 2626
457 2160
2901 1913
1119 2851
1777 2457
1633 1705
1513 2938
2861 2309
2961 2348
1176 538
813 321
115 517
549 2803
1327 1807
911 2156
2824 671
2887 1423
2163 721
1123 213
1707 904
505 1971
12 1095
2794 1052
2441 1966
2473 1562
1899 1305
285 2643
376 2569
2905 388
1328 1713
1633 2066
2298 1113
895 299
1625 1121
1064 721
2793 2895
745 1450
2315 1321
1108 2313
2485 2836
2661 76
1293 2570
1621 551
2251 891
1185 1504
1335 2321
815 1869
1289 736
1051 2863
1825 1565
1577 2209
2241 1272
2179 1153
1585 2225
1516 1297
1409 1926
521 1251
1841 1715
2117 815
766 401
1561 1197
1611 131
472 2177
1981 1627
2063 2587
2701 2485
1376 2017
562 2209
2434 251
1400 977
1361 2376
915 371
1681 415
743 853
1041 753
2851 386
2541 2336
2953 1147
341 1792
1781 2479
597 1353
331 2425
717 1421
1782 1581
876 1981
456 1638
1497 1591
781 1831
25 708
2651 1265
1705 997
627 2551
2383 893
625 2982
549 1543
2033 82
10 1681
1203 1576
1131 1036
229 256
1386 2361
863 2329
2401 450
2547 1713
882 341
247 1181
2961 1870
2461 2709
2086 1369
2993 2419
1637 1276
2225 1069
1630 2951
2769 961
1106 2733
1861 33
489 1592
896 1988
331 2701
1581 1969
2893 1401
2845 1438
2167 2821
2977 2566
2447 2059
613 2824
849 369
1385 1632
52 1388
2636 901
476 2537
217 2962
685 186
622 1113
1601 536
2589 1691
221 2337
2187 805
600 537
1383 991
327 1566
2688 1801
1537 2796
2841 2341
2793 1321
1079 2323
1375 1388
949 2989
237 18
841 2241
1729 1105
2002 1861
1191 1049
2176 1823
135 589
514 586
219 1381
2626 1087
1847 2626
1555 1714
1311 851
2707 2764
2577 2149
1009 2012
196 1801
997 2645
2101 694
1807 409
2000 214
2057 601
1543 336
2661 661
2491 1706
1809 793
1441 230
2427 1333
1340 2437
505 2972
846 319
1409 2218
106 1777
329 2341
2883 2931
356 1585
2851 2359
577 2569
1409 185
2566 2547
2126 1893
1917 995
2944 1594
724 2551
675 1837
2173 2933
597 2533
166 1756
2273 683
905 2671
788 2363
49 1705
1061 1393
1123 2281
1996 82
2701 2185
121 1077
1402 174
2503 91
8 1061
1380 1042
717 2698
1321 1295
755 543
1057 85
2005 1483
681 1513
1159 2185
2150 335
1330 733
1123 638
1749 1733
2797 79
1711 2001
1157 451
2677 531
1825 2737
2127 1503
601 1
2053 2101
2251 892
2299 2899
193 1228
1401 1251
631 433
1635 1217
1081 157
1369 1311
1387 2881
622 2239
1101 1396
109 2997
1225 577
2881 2284
391 1831
2281 305
1107 2501
2358 432
2609 1753
526 2065
1801 935
2224 2775
1225 2203
821 985
2497 2247
1227 2209
76 676
2927 873
511 270
1558 817
511 217
963 2341
2463 2481
2013 2809
577 995
1681 1104
1663 186
2161 2560
2457 401
1609 2455
1981 2459
85 2996
971 1512
833 1213
1811 1721
2833 1701
1165 793
1417 2059
2941 1937
1033 2116
1786 1209
1246 1648
1825 1153
1471 969
1417 1233
1966 2215
109 2800
1426 425
511 2915
1741 1393
420 2598
1435 157
1154 800
901 944
938 25
2663 1581
341 909
2101 1663
219 1389
2133 89
2623 2169
1531 1276
1971 1689
171 1078
455 1452
1502 1617
369 2823
2075 2713
710 1099
2479 2201
343 2017
1133 2321
2701 1559
2551 2841
340 553
910 105
2267 1955
701 943
2133 100
2471 2547
2106 329
805 796
311 2885
925 730
2827 2872
2451 2575
2205 287
565 2489
390 2082
559 2913
2366 961
2697 1405
2401 1521
361 316
1323 1741
865 2269
2326 2105
2104 781
1441 2651
2663 626
1575 1261
2002 2599
1329 229
495 2667
1866 2416
985 551
161 2155
759 973
1361 1937
1819 1897
2386 625
2848 2661
2692 1908
2305 835
1201 2649
2733 508
2881 1576
1135 1837
1066 454
186 67
537 460
2063 376
1591 2899
2876 2689
141 2148
689 661
793 2749
1513 1259
2404 2832
168 1937
2426 288
2971 451
2871 2168
2589 2617
2365 2041
2140 2809
1918 2309
761 379
2007 784
1650 1069
1501 345
2256 1
89 1044
1083 2170
1450 577
2521 331
2446 211
1765 1718
1956 2967
490 1135
86 1473
1881 1729
544 2245
109 151
236 945
549 1945
436 769
1337 537
1873 1801
66 41
2626 41
101 1417
443 1349
2389 315
2155 586
1201 295
2521 1321
397 2921
1556 1113
47 1801
2533 2044
2961 1733
1201 1321
2035 2954
196 881
1111 1057
1849 2341
1657 281
2281 865
817 2506
889 1351
937 2473
2614 1329
2024 1529
411 691
577 1546
2547 1889
2830 757
1857 1003
681 389
2544 2396
1726 2251
1550 1775
1453 2188
1951 2642
1261 1051
2245 1801
689 2041
1209 1465
1251 2564
2461 177
939 2083
7 2861
811 2785
215 1681
637 1726
2430 1241
266 1205
265 1027
2005 2221
1585 66
47 2901
2709 977
79 1145
2649 55
2793 1142
2319 163
993 1885
2755 1147
897 1986
2601 2561
1441 2002
1761 2569
877 2709
1329 1266
2697 657
289 581
2056 961
1696 943
1113 148
1737 1285
920 1135
2888 1905
2701 2242
2906 361
2355 121
2365 1009
2281 749
1726 1449
61 1955
691 364
721 1195
2411 601
355 2321
1489 968
2504 646
1825 775
1861 1639
1584 2457
2041 550
1015 671
1493 1173
2641 1531
2829 2235
1011 1057
182 1701
687 1921
53 2347
326 914
1217 2225
133 2407
2431 817
1921 544
1577 17
571 821
683 1087
361 101
202 1826
413 252
1301 322
2621 2501
974 1165
2019 568
1243 649
386 1395
841 1208
1345 2827
825 203
2132 2737
2434 361
1546 2383
2113 2905
1901 2122
2331 488
1581 829
2275 529
2277 1951
477 1286
76 859
1515 2881
3000 1020
2857 401
2553 1839
2206 1507
1837 449
1303 2015
1597 953
901 1401
397 490
661 2851
1009 259
141 1468
1089 2671
1421 121
126 892
1462 60
1805 1407
2061 1826
1643 433
289 2145
605 259
223 155
112 1627
2141 1813
2214 126
2251 826
1360 601
1513 1726
2307 2215
916 721
691 140
1774 22
1198 1603
679 101
2071 2317
1705 2341
529 37
2753 1569
2233 1809
868 2308
1028 1
1304 1189
563 850
156 1249
2316 2845
2321 1392
779 1071
555 2716
2065 1429
1721 1436
1867 157
861 1936
253 2209
1001 1212
241 1765
1251 1969
2849 2413
9 145
2695 204
213 1015
1774 2741
112 1891
1471 1369
2985 1747
2177 535
841 929
1681 1228
666 2434
2721 2981
2165 1801
1981 2641
2945 2077
613 526
2095 581
2497 2635
2423 2313
1053 2269
1001 1050
1630 189
2353 1717
2666 1729
1837 1865
1493 611
2281 2707
1371 57
1509 1338
1871 2670
1534 1171
2336 249
1391 2209
1714 1723
220 197
2477 2406
493 1033
1336 1549
427 2859
1651 243
2737 945
1351 57
73 2527
1601 76
2401 2875
2701 2431
401 1429
1277 2527
797 436
732 1126
2913 1267
2041 1463
583 709
390 1903
1537 1093
1681 2994
1345 1063
865 249
1117 1981
177 1481
1131 1461
2431 2293
61 2503
1277 1909
1297 337
2413 913
1117 901
2641 1991
1783 2095
2841 530
1476 2157
2613 1340
655 1819
2877 1201
2952 709
648 25
2843 1786
1420 1805
1318 879
1525 731
2221 109
361 2917
1201 2367
1138 1675
2993 1000
2761 1111
2644 520
102 2720
2426 1971
517 2306
697 2060
1193 490
1621 1315
2316 2977
2425 2896
2809 2701
2289 37
2110 1177
161 2368
2787 2650
1315 754
1969 2566
2615 1803
1961 1801
556 2299
2521 1921
2006 2673
1690 1015
511 1929
891 42
2869 1409
853 397
1597 841
2943 781
2853 2931
397 189
1001 1855
151 1819
659 2593
1481 1361
763 1822
1756 129
2145 1369
81 2527
2285 1682
365 1417
693 2036
1291 1738
2121 871
1785 2056
381 601
1960 1207
2789 2047
1234 2257
928 2374
2221 358
217 751
445 2643
58 2319
904 2971
763 2087
1129 1009
1125 1582
2546 504
1252 2569
726 1939
220 1231
1441 109
1201 1583
2765 793
2445 2392
2210 184
1063 2776
632 2756
2512 2099
1114 2407
61 301
820 2255
358 931
616 1264
313 2251
832 406
586 2235
2569 1993
2185 1402
2061 931
11 2485
2315 715
1443 2113
2509 1474
2365 361
2353 2408
2212 2777
2083 493
2053 2829
1223 1301
2488 409
2101 841
1924 2273
2857 1185
2581 1483
205 2221
919 1324
2641 1485
2881 1423
1028 2860
941 1597
493 1489
2601 565
2657 2091
2079 657
1405 2662
1005 1021
890 556
1301 1585
2713 601
2537 601
1621 2017
2867 2915
401 2340
2251 176
457 97
491 2231
491 621
1061 1399
2194 953
1745 1693
1373 751
2369 1613
2497 1237
2701 849
762 1018
1373 2424
287 2977
1516 2544
541 2201
308 1438
2708 1425
136 1603
2209 1875
2479 328
2917 1369
1459 1
1742 1826
2107 943
1481 1417
2881 1247
173 697
1468 651
901 2871
2905 169
2556 1111
2925 241
2223 53
1121 2851
47 2500
2286 429
1924 309
844 2728
1078 197
2825 2041
481 1529
853 2623
917 2099
220 1040
1140 1081
55 2321
13 833
361 1597
1610 2557
719 301
1304 2275
1051 581
1641 200
1 2272
2301 2856
933 181
1303 1051
1113 1425
2656 2501
1913 2425
2741 1609
2547 2505
779 211
2495 1261
541 1140
992 1288
2483 1376
241 2729
1731 1449
2901 1717
2248 2046
2695 641
181 973
442 2251
103 2451
2021 2683
1903 2005
2233 1596
2626 1949
1060 1701
551 2163
1844 1786
1783 601
335 83
2233 61
1061 866
2141 395
976 750
273 2908
2161 1171
985 493
233 2615
529 225
1214 2928
2273 1098
435 289
1441 2490
1549 2899
1375 929
1683 496
2233 1001
861 40
505 147
891 1001
457 601
1956 215
721 901
2185 856
1673 52
2793 1681
1169 313
1251 1444
1921 1341
2465 732
276 1151
387 409
2311 2193
2741 2364
1888 742
2009 409
2773 153
601 941
893 2309
1814 1285
2171 95
1366 725
451 985
846 951
1009 1521
1255 2089
2609 2396
2685 601
239 958
1357 2096
204 1041
1081 2423
1039 615
601 2161
1761 2230
1645 1421
513 1766
1434 2581
1312 2191
2617 2513
721 2251
2761 661
2761 1445
1729 643
29 644
865 2075
1147 2121
2581 1417
2218 2671
2856 2721
2866 389
853 2081
2236 1253
2359 2083
1597 2497
2113 2323
2346 970
1948 2180
2469 367
1561 560
730 666
343 2461
378 1993
1691 451
669 2857
457 524
2485 1625
139 1931
16 1946
1666 2914
0001010000000100000100011010010000110000000100000011000010000000101000000010001110000001001000001101